Ind_ID,tape,Site_name,mass_day10,purge_time_1,day10,cohort_date,cohort_day,Host,Li-cor_1,resp_time_1,resp_day11,mass_day14,purge_time_2,resp_time_2,resp_day15,Li_cor2,notes,uniqueID,eclosion_date,eclosion_days,well_id,organism,Trikinetics_position,Trikinetics_entry_LD_time,Trikinetic_exit_date,Trikinetics_exit_LD_time,notes_21,blue,OG,6.938,13:38,2017-09-04,2017-08-25,2,Apple,6262,,,6.187,10:51,10:13:48,0.1432514,,,2b1,,,,,,,,,2,blue,Ferris,11.175,13:39,2017-09-04,2017-08-25,2,Apple,6262,10:13:15,0.29411,9.967,,10:16:22,0.170235,,,2b2,,,,,,,,,3,blue,Ferris,6.719,13:39,2017-09-04,2017-08-25,2,Apple,6262,10:14:47,0.1052925,6.118,,10:18:10,0.1076286,,,2b3,,,,,,,,,4,blue,Ferris,10.719,13:40,2017-09-04,2017-08-25,2,Apple,6262,10:16:43,1.344538,9.539,,10:19:38,1.38739,,,2b4,,,,,,,,,5,blue,OG,3.848,13:41,2017-09-04,2017-08-25,2,Apple,6262,10:18:41,0.1492267,3.479,,10:21:23,0.1182286,,,2b5,,,,,,,,,6,blue,OG,7.576,13:37,2017-09-04,2017-08-25,2,Apple,6262,10:20:19,1.420216,6.824,,10:22:55,1.468912,,,2b6,,,,,,,,,7,blue,OG,6.413,13:35,2017-09-04,2017-08-25,2,Apple,6262,10:22:07,0.1365561,5.738,,10:24:36,0.1601623,,,2b7,,,,,,,,,8,blue,OG,9.365,13:57,2017-09-04,2017-08-25,2,Apple,6262,10:23:42,1.308291,8.401,,10:25:57,1.432883,,,2b8,2017-09-26,32,A3,fly,30,16:08,,,9,blue,Ferris,7.978,13:41,2017-09-04,2017-08-25,2,Apple,6262,10:25:39,0.1591373,7.323,,10:27:35,8.09E-02,,,2b9,,,,,,,,,10,blue,OG,4.895,13:36,2017-09-04,2017-08-25,2,Apple,6262,10:27:14,0.1027624,4.349,,10:28:53,6.42E-02,,,2b10,,,,,,,,,11,blue,Ferris,6.482,13:47,2017-09-04,2017-08-25,2,Apple,6262,10:28:45,1.20172,5.91,,10:30:09,1.245373,,,2b11,,,,,,,,,12,blue,OG,9.505,13:34,2017-09-04,2017-08-25,2,Apple,6262,10:30:30,0.757944,3.554,,10:31:42,0.0299408,,"looks unhealthy, large weight decrease",2b12,,,,,,,,,13,blue,Ferris,9.778,13:48,2017-09-04,2017-08-25,2,Apple,6262,10:32:10,0.1368973,8.921,,10:32:53,7.48E-02,,,2b13,,,,,,,,,14,blue,OG,8.299,13:33,2017-09-04,2017-08-25,2,Apple,6262,10:33:40,0.1880669,7.637,,10:34:13,0.1269034,,,2b14,,,,,,,,,15,blue,OG,6.244,13:35,2017-09-04,2017-08-25,2,Apple,6262,10:35:22,1.502617,4.44,,10:35:27,0.4466424,,"looks unhealthy, large weight decrease",2b15,,,,,,,,,16,blue,Ferris,7.365,13:48,2017-09-04,2017-08-25,2,Apple,6262,10:37:13,0.2178388,6.751,,10:36:50,0.1190253,,,2b16,,,,,,,,,17,blue,OG,7.056,13:34,2017-09-04,2017-08-25,2,Apple,6262,10:39:06,0.1248178,6.48,,10:38:09,6.77E-02,,,2b17,,,,,,,,,18,blue,OG,6.499,13:31,2017-09-04,2017-08-25,2,Apple,6262,10:40:45,0.4268785,6.013,,10:39:32,1.019583,,,2b18,2017-10-03,40,A6,fly,6,10:25,,,19,blue,Ferris,6.197,13:49,2017-09-04,2017-08-25,2,Apple,6262,10:42:26,0.1487401,5.648,,10:41:16,0.0745661,,,2b19,,,,,,,,,20,blue,OG,5.876,13:33,2017-09-04,2017-08-25,2,Apple,6262,10:43:58,1.159581,5.381,,10:42:34,1.211225,,,2b20,2017-09-26,32,A7,fly,18,16:08,,,21,blue,Ferris,11.818,13:50,2017-09-04,2017-08-25,2,Apple,6262,10:45:43,0.3258733,10.711,,10:44:12,0.2775775,,,2b21,,,,,,,,,23,blue,OG,6.482,13:36,2017-09-04,2017-08-25,2,Apple,6262,10:47:22,0.2104131,5.879,,10:45:36,9.85E-02,,,2b23,,,,,,,,,24,blue,OG,9.277,13:37,2017-09-04,2017-08-25,2,Apple,6262,10:48:50,1.635986,8.136,,10:47:14,1.557436,,,2b24,,,,,,,,,25,blue,Ferris,8.906,13:51,2017-09-04,2017-08-25,2,Apple,6262,10:50:26,0.3594282,7.908,,10:49:15,8.96E-02,,,2b25,,,,,,,,,26,blue,OG,6.121,13:47,2017-09-04,2017-08-25,2,Apple,6262,10:52:09,0.2026112,5.553,,10:51:07,9.04E-02,,,2b26,,,,,,,,,27,blue,OG,9.073,13:46,2017-09-04,2017-08-25,2,Apple,6262,10:53:43,0.1626993,8.336,,10:52:44,0.1716643,,,2b27,,,,,,,,,28,blue,Ferris,9.733,13:51,2017-09-04,2017-08-25,2,Apple,6262,10:55:05,0.228367,8.815,,10:54:19,8.57E-02,,,2b28,,,,,,,,,29,blue,OG,7.448,13:30,2017-09-04,2017-08-25,2,Apple,6262,10:56:34,0.1397819,6.863,,10:55:49,8.37E-02,,,2b29,,,,,,,,,30,blue,Ferris,6.115,13:42,2017-09-04,2017-08-25,2,Apple,6262,10:58:05,0.1773156,5.476,,10:57:20,9.40E-02,,,2b30,,,,,,,,,31,blue,Milford,8.273,13:54,2017-09-04,2017-08-25,2,Haw,6262,10:59:41,0.1525609,7.52,,10:58:57,0.0875574,,,2b31,,,,,,,,,32,blue,Ferris,6.513,13:52,2017-09-04,2017-08-25,2,Apple,6262,11:01:17,0.5566694,2.443,,,,,"looks unhealthy, large weight decrease; smashed and removed",2b32,,,,,,,,,33,blue,OG,8.103,13:54,2017-09-04,2017-08-25,2,Apple,6262,11:02:43,0.2076913,7.651,,11:00:29,0.2100458,,,2b33,,,,,,,,,34,blue,Ferris,10.293,13:53,2017-09-04,2017-08-25,2,Apple,6262,11:04:01,0.1874205,9.5,,11:02:02,0.1083471,,,2b34,,,,,,,,,35,blue,Ferris,9.654,13:55,2017-09-04,2017-08-25,2,Apple,6262,11:05:17,0.186035,8.784,,11:03:27,7.83E-02,,,2b35,,,,,,,,,36,blue,OG,4.747,13:30,2017-09-04,2017-08-25,2,Apple,6262,11:06:44,0.1834659,4.352,,11:04:48,0.2617916,,,2b36,,,,,,,,,37,blue,OG,7.753,13:31,2017-09-04,2017-08-25,2,Apple,6262,11:08:06,0.1618572,7.157,,11:06:33,0.1402832,,,2b37,,,,,,,,,38,blue,Ferris,10.935,13:56,2017-09-04,2017-08-25,2,Apple,6262,11:09:27,1.854639,9.796,,11:08:19,1.814069,,,2b38,,,,,,,,,39,blue,OG,9.741,13:56,2017-09-04,2017-08-25,2,Apple,6262,11:11:09,0.1684614,8.781,,11:10:19,0.1573756,,,2b39,2017-09-25,31,B3,fly,,16:08,,,40,blue,Ferris,8.265,13:32,2017-09-04,2017-08-25,2,Apple,6262,11:12:28,0.1465091,7.405,,11:12:00,0.0933665,,,2b40,,,,,,,,,41,blue,OG,4.791,13:29,2017-09-04,2017-08-25,2,Apple,6262,11:13:50,1.063376,3.671,,11:13:23,1.039968,,,2b41,,,,,,,,,42,blue,OG,6.462,13:25,2017-09-04,2017-08-25,2,Apple,6262,11:15:31,1.409138,8.879,,11:15:21,1.333105,,,2b42,,,,,,,,,43,blue,OG,6.817,13:42,2017-09-04,2017-08-25,2,Apple,6262,11:17:08,0.1930951,6.279,,11:17:22,0.9213194,,,2b43,,,,,,,,,44,blue,OG,7.525,13:27,2017-09-04,2017-08-25,2,Apple,6262,11:18:48,0.2052575,6.808,,11:19:14,9.03E-02,,,2b44,,,,,,,,,45,blue,Blank,,13:05,2017-09-04,2017-08-25,2,Apple,6262,11:20:10,2.04E-02,,,11:20:43,0.0159322,,,2b45,,,,,,,,,46,blue,Ferris,11.206,13:57,2017-09-04,2017-08-25,2,Apple,6262,11:21:10,0.1600273,10.207,,11:22:05,0.1979153,,,2b46,,,,,,,,,47,blue,Ferris,9.633,13:50,2017-09-04,2017-08-25,2,Apple,6262,11:22:33,0.2947912,8.889,,11:23:47,0.2292337,,,2b47,,,,,,,,,48,blue,OG,5.221,13:27,2017-09-04,2017-08-25,2,Apple,6262,11:24:04,0.8659102,4.789,,11:25:34,0.8110539,,,2b48,,,,,,,,,49,blue,OG,7.668,13:26,2017-09-04,2017-08-25,2,Apple,6262,11:25:45,1.820698,5.573,,11:27:24,1.592162,,,2b49,,,,,,,,,50,blue,Blank,,13:05,2017-09-04,2017-08-25,2,Apple,6262,11:27:25,1.80E-02,,11:18,11:29:25,1.48E-02,,,2b50,,,,,,,,,1,red,Ferris,9.945,13:10,2017-09-04,2017-08-25,2,Apple,7000,,,9.054,11:40,10:13:48,0.1751713,,,2r1,,,,,,,,,2,red,OG,6.588,13:10,2017-09-04,2017-08-25,2,Apple,7000,10:13:15,0.1084468,5.917,,10:16:22,0.1126481,,,2r2,,,,,,,,,3,red,Ferris,9.354,13:11,2017-09-04,2017-08-25,2,Apple,7000,10:14:47,1.128008,8.482,,10:18:10,1.05896,,,2r3,,,,,,,,,4,red,OG,14.863,13:06,2017-09-04,2017-08-25,2,Apple,7000,10:16:43,0.7774939,,,,,,smashed; removed,2r4,,,,,,,,,5,red,Ferris,6.768,13:11,2017-09-04,2017-08-25,2,Apple,7000,10:18:41,0.1644776,6.225,,10:19:38,0.1588602,,,2r5,,,,,,,,,6,red,OG,5.899,13:08,2017-09-04,2017-08-25,2,Apple,7000,10:20:19,0.117531,5.41,,10:21:23,8.57E-02,,,2r6,,,,,,,,,7,red,OG,5.338,13:09,2017-09-04,2017-08-25,2,Apple,7000,10:22:07,9.51E-02,4.822,,10:22:55,7.68E-02,,,2r7,,,,,,,,,8,red,Ferris,7.228,13:12,2017-09-04,2017-08-25,2,Apple,7000,10:23:42,0.1353478,6.721,,10:24:36,0.1167377,,,2r8,,,,,,,,,9,red,Ferris,6.611,13:13,2017-09-04,2017-08-25,2,Apple,7000,10:25:39,6.93E-02,5.833,,10:25:57,0.1655769,,,2r9,,,,,,,,,10,red,OG,7.416,13:13,2017-09-04,2017-08-25,2,Apple,7000,10:27:14,1.227601,5.142,,10:27:35,0.2679829,,,2r10,,,,,,,,,11,red,Ferris,10.783,13:13,2017-09-04,2017-08-25,2,Apple,7000,10:28:45,0.1395353,9.778,,10:28:53,9.32E-02,,,2r11,,,,,,,,,12,red,OG,8.69,13:07,2017-09-04,2017-08-25,2,Apple,7000,10:30:30,0.6957083,7.808,,10:30:09,0.6850266,,,2r12,,,,,,,,,13,red,Ferris,6.265,13:14,2017-09-04,2017-08-25,2,Apple,7000,10:32:10,2.85E-02,5.615,,10:31:42,1.54E-02,,,2r13,,,,,,,,,14,red,Ferris,9.264,13:15,2017-09-04,2017-08-25,2,Apple,7000,10:33:40,0.7573033,8.325,,10:32:53,0.7453037,,,2r14,,,,,,,,,15,red,OG,6.767,13:05,2017-09-04,2017-08-25,2,Apple,7000,10:35:22,0.1351661,6.099,,10:34:13,7.33E-02,,,2r15,,,,,,,,,16,red,Ferris,10.024,13:08,2017-09-04,2017-08-25,2,Apple,7000,10:37:13,0.620687,3.543,,10:35:27,0.0121153,,"looks unhealthy, large weight decrease",2r16,,,,,,,,,17,red,OG,9.136,13:07,2017-09-04,2017-08-25,2,Apple,7000,10:39:06,6.68E-02,8.394,,10:36:50,5.52E-02,,,2r17,,,,,,,,,18,red,OG,4.34,13:37,2017-09-04,2017-08-25,2,Apple,7000,10:40:45,5.75E-02,3.993,,10:38:09,6.43E-02,,,2r18,,,,,,,,,19,red,Ferris,7.72,13:16,2017-09-04,2017-08-25,2,Apple,7000,10:42:26,0.1183399,6.988,,10:39:32,6.61E-02,,,2r19,,,,,,,,,22,red,OG,8.615,13:18,2017-09-04,2017-08-25,2,Apple,7000,10:43:58,0.0957594,7.992,,10:41:16,4.26E-02,,,2r22,,,,,,,,,23,red,OG,6.954,12:58,2017-09-04,2017-08-25,2,Apple,7000,10:45:43,0.1284057,6.308,,10:42:34,0.1327587,,,2r23,,,,,,,,,24,red,OG,8.167,12:57,2017-09-04,2017-08-25,2,Apple,7000,10:47:22,0.1130436,7.408,,10:44:12,0.0634311,,,2r24,,,,,,,,,25,red,OG,9.759,13:21,2017-09-04,2017-08-25,2,Apple,7000,10:48:50,0.1624387,8.974,,10:45:36,8.44E-02,,,2r25,,,,,,,,,26,red,Milford,12.097,13:17,2017-09-04,2017-08-25,2,Haw,7000,10:50:26,0.148969,10.479,,10:47:14,7.26E-02,,,2r26,,,,,,,,,27,red,OG,7.849,13:58,2017-09-04,2017-08-25,2,Apple,7000,10:52:09,0.0835773,6.989,,10:49:15,6.30E-02,,,2r27,,,,,,,,,28,red,Ferris,7.747,13:18,2017-09-04,2017-08-25,2,Apple,7000,10:53:43,8.07E-02,7.028,,10:51:07,0.0712966,,,2r28,,,,,,,,,29,red,OG,8.172,12:56,2017-09-04,2017-08-25,2,Apple,7000,10:55:05,0.1302926,7.598,,10:52:44,8.53E-02,,,2r29,,,,,,,,,30,red,OG,5.043,13:04,2017-09-04,2017-08-25,2,Apple,7000,10:56:34,0.4231303,3.879,,10:54:19,0.1401057,,,2r30,,,,,,,,,31,red,Ferris,12.058,13:19,2017-09-04,2017-08-25,2,Apple,7000,10:58:05,0.7524838,4.636,,10:55:49,1.65E-02,,,2r31,,,,,,,,,32,red,OG,8.97,13:20,2017-09-04,2017-08-25,2,Apple,7000,10:59:41,0.8244834,8.156,,10:57:20,0.7669558,,,2r32,,,,,,,,,33,red,Ferris,9.876,13:19,2017-09-04,2017-08-25,2,Apple,7000,11:01:17,0.7690679,8.927,,10:58:57,0.7240927,,,2r33,2017-09-26,32,B10,fly,23,16:08,,,34,red,OG,7.887,13:06,2017-09-04,2017-08-25,2,Apple,7000,11:02:43,0.1225375,7.234,,11:00:29,0.1596853,,,2r34,,,,,,,,,35,red,Ferris,10.409,13:23,2017-09-04,2017-08-25,2,Apple,7000,11:04:01,0.185331,9.479,,11:02:02,8.44E-02,,,2r35,,,,,,,,,36,red,Ferris,10.176,13:23,2017-09-04,2017-08-25,2,Apple,7000,11:05:17,0.121804,8.926,,11:03:27,7.96E-02,,,2r36,,,,,,,,,37,red,OG,7.945,12:55,2017-09-04,2017-08-25,2,Apple,7000,11:06:44,0.2059923,6.056,,11:04:48,0.2847212,,,2r37,,,,,,,,,38,red,OG,8.005,12:58,2017-09-04,2017-08-25,2,Apple,7000,11:08:06,0.8512057,7.31,,11:06:33,0.8123094,,,2r38,2017-09-26,32,B12,fly,27,16:08,,,39,red,Ferris,6.755,13:24,2017-09-04,2017-08-25,2,Apple,7000,11:09:27,0.124314,6.226,,11:08:19,0.224742,,,2r39,,,,,,,,,40,red,OG,7.602,12:58,2017-09-04,2017-08-25,2,Apple,7000,11:11:09,0.1557878,7.077,,11:10:19,0.1253869,,,2r40,,,,,,,,,41,red,Ferris,10.521,13:24,2017-09-04,2017-08-25,2,Apple,7000,11:12:28,0.167069,9.638,,11:12:00,8.28E-02,,,2r41,,,,,,,,,45,red,Blank,,13:03,2017-09-04,2017-08-25,2,Apple,7000,11:13:50,1.26E-02,,,11:13:23,1.05E-02,,,2r45,,,,,,,,,47,red,OG,8.376,12:56,2017-09-04,2017-08-25,2,Apple,7000,11:15:31,0.2296043,,,,,,"smashed, removed",2r47,,,,,,,,,48,red,Ferris,7.7797,13:25,2017-09-04,2017-08-25,2,Apple,7000,11:17:08,7.39E-02,7.117,,11:15:21,7.49E-02,,,2r48,,,,,,,,,50,red,Blank,,13:03,2017-09-04,2017-08-25,2,Apple,7000,11:18:48,1.06E-02,,11:56,11:17:22,9.47E-03,,,2r50,,,,,,,,,1,orange,Milford,8.233,17:37,2017-09-05,2017-08-26,3,Haw,7000,9:14:01,6.78E-02,7.608,14:31,7:49:59,3.42E-02,,,3o1,,,,,,,,,2,orange,Coll Hall,4.662,17:37,2017-09-05,2017-08-26,3,Haw,7000,9:15:39,4.15E-02,4.296,,7:51:36,3.45E-02,,,3o2,,,,,,,,,3,orange,Coll Hall,8.255,17:36,2017-09-05,2017-08-26,3,Haw,7000,9:16:56,0.5121543,7.549,,7:53:10,0.483076,,,3o3,,,,,,,,,4,orange,Grant,8.192,17:36,2017-09-05,2017-08-26,3,Apple,7000,9:18:20,0.3606795,4.187,,7:54:52,0.2802091,,"looks unhealthy, large weight decrease",3o4,,,,,,,,,5,orange,Grant,5.664,17:36,2017-09-05,2017-08-26,3,Apple,7000,9:19:52,9.74E-02,4.927,,7:56:39,5.15E-02,,,3o5,,,,,,,,,6,orange,Grant,10.106,17:35,2017-09-05,2017-08-26,3,Apple,7000,9:21:10,1.31751,7.324,,7:58:23,0.787016,,"looks unhealthy, large weight decrease",3o6,2017-09-26,31,A3,wasp,17,16:08,,,7,orange,Grant,5.501,17:35,2017-09-05,2017-08-26,3,Apple,7000,9:22:45,9.36E-02,4.757,,8:00:42,5.40E-02,,,3o7,,,,,,,,,8,orange,Grant,7.125,17:35,2017-09-05,2017-08-26,3,Apple,7000,9:24:05,0.1362285,6.408,,8:02:05,5.63E-02,,,3o8,,,,,,,,,9,orange,Grant,10.414,17:34,2017-09-05,2017-08-26,3,Apple,7000,9:25:16,0.7386541,7.517,,8:03:15,0.363935,,"looks unhealthy, large weight decrease",3o9,,,,,,,,,10,orange,Grant,7.27,17:34,2017-09-05,2017-08-26,3,Apple,7000,9:26:48,0.5919609,6.77,,8:04:34,0.5568005,,,3o10,,,,,,,,,11,orange,Grant,9.005,17:34,2017-09-05,2017-08-26,3,Apple,7000,9:28:26,0.0823172,8.335,,8:05:53,5.14E-02,,,3o11,,,,,,,,,12,orange,Grant,7.24,17:33,2017-09-05,2017-08-26,3,Apple,7000,9:30:13,5.56E-02,6.644,,8:07:09,3.64E-02,,,3o12,,,,,,,,,13,orange,Grant,8.865,17:33,2017-09-05,2017-08-26,3,Apple,7000,9:31:37,6.70E-02,8.093,,8:08:23,9.18E-02,,,3o13,,,,,,,,,14,orange,Grant,7.353,17:33,2017-09-05,2017-08-26,3,Apple,7000,9:32:52,6.44E-02,6.764,,8:09:39,8.25E-02,,,3o14,,,,,,,,,15,orange,Grant,7.337,17:33,2017-09-05,2017-08-26,3,Apple,7000,9:34:10,5.52E-02,6.71,,8:10:56,3.98E-02,,,3o15,,,,,,,,,16,orange,Grant,7.123,17:32,2017-09-05,2017-08-26,3,Apple,7000,9:35:31,0.6377392,6.308,,8:12:21,0.5492268,,,3o16,,,,,,,,,17,orange,Grant,9.748,17:32,2017-09-05,2017-08-26,3,Apple,7000,9:37:04,0.1237543,9.081,,8:13:38,0.1010693,,,3o17,,,,,,,,,18,orange,Grant,7.339,17:31,2017-09-05,2017-08-26,3,Apple,7000,9:38:22,0.585816,6.812,,8:14:39,0.5810983,,,3o18,,,,,,,,,19,orange,Grant,6.921,17:31,2017-09-05,2017-08-26,3,Apple,7000,9:39:47,0.0782489,6.187,,8:15:56,8.22E-02,,,3o19,,,,,,,,,20,orange,Grant,6.639,17:31,2017-09-05,2017-08-26,3,Apple,7000,9:41:28,0.1186885,,,,,,"smashed, removed",3o20,,,,,,,,,21,orange,Grant,7.676,17:30,2017-09-05,2017-08-26,3,Apple,7000,9:42:51,6.66E-02,7.22,,8:17:16,5.84E-02,,,3o21,,,,,,,,,22,orange,Grant,8.801,17:30,2017-09-05,2017-08-26,3,Apple,7000,9:44:11,0.7846344,8.079,,8:20:09,0.7263911,,,3o22,,,,,,,,,23,orange,Grant,7.129,17:30,2017-09-05,2017-08-26,3,Apple,7000,9:45:30,6.01E-02,6.561,,8:22:05,4.46E-02,,,3o23,,,,,,,,,24,orange,Grant,9.224,17:29,2017-09-05,2017-08-26,3,Apple,7000,9:46:55,7.48E-02,8.382,,8:23:24,4.88E-02,,,3o24,,,,,,,,,25,orange,Grant,6.509,17:29,2017-09-05,2017-08-26,3,Apple,7000,9:48:09,7.45E-02,5.998,,8:24:32,6.82E-02,,,3o25,,,,,,,,,26,orange,Grant,7.187,17:28,2017-09-05,2017-08-26,3,Apple,7000,9:49:41,0.4412236,4.454,,8:25:52,0.3236653,,"looks unhealthy, large weight decrease",3o26,,,,,,,,,27,orange,Grant,8.317,17:28,2017-09-05,2017-08-26,3,Apple,7000,9:50:58,0.5781513,7.677,,8:27:45,0.588869,,,3o27,,,,,,,,,28,orange,Grant,6.223,17:28,2017-09-05,2017-08-26,3,Apple,7000,9:52:21,7.87E-02,5.622,,8:28:56,5.52E-02,,,3o28,,,,,,,,,29,orange,Grant,8.311,17:27,2017-09-05,2017-08-26,3,Apple,7000,9:54:01,0.7416357,7.602,,8:30:04,0.6912003,,"extra pupae in syringe, removed",3o29,,,,,,,,,30,orange,Grant,7.496,17:27,2017-09-05,2017-08-26,3,Apple,7000,9:55:47,6.22E-02,6.936,,8:31:12,4.77E-02,,,3o30,,,,,,,,,31,orange,Grant,9.142,17:27,2017-09-05,2017-08-26,3,Apple,7000,9:57:18,7.17E-02,8.115,,8:32:30,6.58E-02,,,3o31,,,,,,,,,32,orange,Grant,7.273,17:26,2017-09-05,2017-08-26,3,Apple,7000,9:58:42,0.1178349,6.665,,8:33:55,5.63E-02,,,3o32,,,,,,,,,33,orange,Grant,11.64,17:26,2017-09-05,2017-08-26,3,Apple,7000,10:00:03,0.0940177,10.766,,8:35:00,8.41E-02,,,3o33,,,,,,,,,34,orange,Grant,8.93,17:26,2017-09-05,2017-08-26,3,Apple,7000,10:01:30,8.59E-02,8.193,,8:36:07,4.44E-02,,,3o34,,,,,,,,,35,orange,Grant,6.876,17:25,2017-09-05,2017-08-26,3,Apple,7000,10:02:49,6.43E-02,6.483,,8:37:14,9.20E-02,,,3o35,,,,,,,,,36,orange,Grant,9.334,17:25,2017-09-05,2017-08-26,3,Apple,7000,10:04:27,0.8716796,,,,,,"smashed, removed",3o36,,,,,,,,,37,orange,Grant,6.487,17:24,2017-09-05,2017-08-26,3,Apple,7000,10:06:07,8.60E-02,6.042,,8:38:19,5.52E-02,,,3o37,,,,,,,,,38,orange,Ferris,7.319,17:23,2017-09-05,2017-08-26,3,Apple,7000,10:09:01,8.98E-02,7.21,,8:40:19,5.06E-02,,,3o38,,,,,,,,,39,orange,Ferris,7.829,17:22,2017-09-05,2017-08-26,3,Apple,7000,10:10:32,5.41E-02,7.265,,8:42:36,5.13E-02,,,3o39,,,,,,,,,40,orange,Ferris,7.376,17:21,2017-09-05,2017-08-26,3,Apple,7000,10:11:52,9.67E-02,7.206,,8:44:07,3.73E-02,,,3o40,,,,,,,,,41,orange,Ferris,8.723,17:21,2017-09-05,2017-08-26,3,Apple,7000,10:13:10,0.1611778,8.142,,8:45:32,0.1208888,,,3o41,,,,,,,,,42,orange,Ferris,6.144,17:21,2017-09-05,2017-08-26,3,Apple,7000,10:14:27,6.77E-02,5.706,,8:46:48,5.17E-02,,,3o42,,,,,,,,,43,orange,Ferris,7.239,17:20,2017-09-05,2017-08-26,3,Apple,7000,10:15:43,0.1957155,6.806,,8:47:55,8.59E-02,,,3o43,,,,,,,,,44,orange,Ferris,11.208,17:20,2017-09-05,2017-08-26,3,Apple,7000,10:17:05,0.3452485,9.385,,8:49:05,0.1105348,,,3o44,,,,,,,,,45,orange,Ferris,6.434,17:20,2017-09-05,2017-08-26,3,Apple,7000,10:18:22,4.44E-02,6.018,,8:50:12,2.66E-02,,,3o45,,,,,,,,,46,orange,Ferris,10.91,17:19,2017-09-05,2017-08-26,3,Apple,7000,10:19:35,9.62E-02,10.285,,8:51:58,4.34E-02,,,3o46,,,,,,,,,47,orange,Ferris,7.145,17:19,2017-09-05,2017-08-26,3,Apple,7000,10:20:51,4.58E-02,6.654,,8:53:23,5.08E-02,,,3o47,,,,,,,,,48,orange,Ferris,6.731,17:19,2017-09-05,2017-08-26,3,Apple,7000,10:22:28,5.80E-02,6.171,,8:54:39,6.74E-02,,,3o48,,,,,,,,,49,orange,Ferris,7.325,17:18,2017-09-05,2017-08-26,3,Apple,7000,10:23:41,6.73E-02,6.906,,8:55:40,6.98E-02,,,3o49,,,,,,,,,50,orange,Ferris,4.993,17:18,2017-09-05,2017-08-26,3,Apple,7000,10:25:02,6.23E-02,4.693,,8:56:58,4.41E-02,,,3o50,,,,,,,,,51,orange,Ferris,7.625,16:54,2017-09-05,2017-08-26,3,Apple,7000,10:26:14,0.591032,7.034,,8:58:49,0.0605445,,,3o51,,,,,,,,,52,orange,Ferris,10.052,16:53,2017-09-05,2017-08-26,3,Apple,7000,10:27:38,0.1148018,3.828,,8:59:55,1.57E-02,,,3o52,,,,,,,,,53,orange,Ferris,7.881,16:53,2017-09-05,2017-08-26,3,Apple,7000,10:29:14,9.68E-02,7.303,,9:01:15,4.62E-02,,,3o53,,,,,,,,,54,orange,Ferris,7.236,16:52,2017-09-05,2017-08-26,3,Apple,7000,10:30:20,0.1055736,6.657,,9:02:26,7.86E-02,,,3o54,,,,,,,,,55,orange,Ferris,8.561,16:52,2017-09-05,2017-08-26,3,Apple,7000,10:31:38,4.38E-02,8.406,,9:03:37,7.47E-02,,,3o55,,,,,,,,,56,orange,Ferris,10.727,16:51,2017-09-05,2017-08-26,3,Apple,7000,10:32:50,6.33E-02,10.33,,9:05:03,4.43E-02,,,3o56,,,,,,,,,57,orange,Ferris,7.468,16:50,2017-09-05,2017-08-26,3,Apple,7000,10:34:20,0.2463233,7.018,,9:06:14,7.95E-02,,,3o57,,,,,,,,,58,orange,Ferris,6.873,16:50,2017-09-05,2017-08-26,3,Apple,7000,10:35:48,2.15E-02,6.56,,9:07:22,4.42E-02,,,3o58,,,,,,,,,59,orange,blank,,16:49,2017-09-05,2017-08-26,3,Apple,7000,10:37:03,1.03E-02,,,9:08:39,8.88E-03,,,3o59,,,,,,,,,60,orange,blank,,16:49,2017-09-05,2017-08-26,3,Apple,7000,10:38:03,8.71E-04,,14:51,9:09:54,8.81E-03,,,3o60,,,,,,,,,1,white,Milford,12.129,17:17,2017-09-05,2017-08-26,3,Haw,6262,9:14:01,0.8521911,4.939,14:09,7:49:59,0.4589144,,dark,3w1,,,,,,,,,2,white,Coll Hall,7.869,17:17,2017-09-05,2017-08-26,3,Haw,6262,9:15:39,9.41E-02,7.26,,7:51:36,0.1167935,,,3w2,,,,,,,,,3,white,Coll Hall,6.92,17:16,2017-09-05,2017-08-26,3,Haw,6262,9:16:56,0.1044973,6.301,,7:53:10,8.39E-02,,,3w3,,,,,,,,,4,white,Grant,6.496,17:16,2017-09-05,2017-08-26,3,Apple,6262,9:18:20,0.8414142,5.951,,7:54:52,0.7750984,,,3w4,,,,,,,,,5,white,Grant,4.908,17:16,2017-09-05,2017-08-26,3,Apple,6262,9:19:52,7.96E-02,4.474,,7:56:39,5.07E-02,,,3w5,,,,,,,,,6,white,Grant,9.704,17:15,2017-09-05,2017-08-26,3,Apple,6262,9:21:10,0.1976181,8.916,,7:58:23,5.58E-02,,,3w6,,,,,,,,,7,white,Grant,8.017,17:15,2017-09-05,2017-08-26,3,Apple,6262,9:22:45,0.2054451,7.365,,8:00:42,6.71E-02,,,3w7,,,,,,,,,8,white,Grant,5.657,17:15,2017-09-05,2017-08-26,3,Apple,6262,9:24:05,9.41E-02,5.203,,8:02:05,8.54E-02,,,3w8,,,,,,,,,9,white,Grant,7.278,17:14,2017-09-05,2017-08-26,3,Apple,6262,9:25:16,0.1823268,6.647,,8:03:15,0.1468936,,,3w9,,,,,,,,,10,white,Grant,5.125,17:14,2017-09-05,2017-08-26,3,Apple,6262,9:26:48,0.3046587,4.532,,8:04:34,0.1256033,,,3w10,,,,,,,,,11,white,Grant,5.059,17:13,2017-09-05,2017-08-26,3,Apple,6262,9:28:26,0.6115837,4.615,,8:05:53,0.5917418,,,3w11,,,,,,,,,12,white,Grant,10.181,17:12,2017-09-05,2017-08-26,3,Apple,6262,9:30:13,0.200413,9.266,,8:07:09,0.120402,,,3w12,,,,,,,,,13,white,Grant,6.622,17:11,2017-09-05,2017-08-26,3,Apple,6262,9:31:37,8.62E-02,6.221,,8:08:23,5.63E-02,,,3w13,,,,,,,,,14,white,Grant,9.016,17:11,2017-09-05,2017-08-26,3,Apple,6262,9:32:52,0.1000801,8.22,,8:09:39,9.18E-02,,,3w14,,,,,,,,,15,white,Grant,10.368,17:11,2017-09-05,2017-08-26,3,Apple,6262,9:34:10,0.1868119,9.657,,8:10:56,0.0798962,,,3w15,,,,,,,,,16,white,Grant,4.76,17:10,2017-09-05,2017-08-26,3,Apple,6262,9:35:31,0.5450561,3.63,,8:12:21,0.1645447,,,3w16,,,,,,,,,17,white,Grant,8.239,17:10,2017-09-05,2017-08-26,3,Apple,6262,9:37:04,0.132311,7.567,,8:13:38,0.1315416,,,3w17,,,,,,,,,18,white,Grant,6.416,17:10,2017-09-05,2017-08-26,3,Apple,6262,9:38:22,0.1342772,5.724,,8:14:39,0.2251637,,,3w18,,,,,,,,,19,white,Grant,8.667,17:09,2017-09-05,2017-08-26,3,Apple,6262,9:39:47,1.327366,5.787,,8:15:56,0.7049561,,,3w19,,,,,,,,,20,white,Grant,8.835,17:09,2017-09-05,2017-08-26,3,Apple,6262,9:41:28,0.1847152,8.21,,8:17:16,0.1139723,,,3w20,,,,,,,,,21,white,Grant,6.143,17:08,2017-09-05,2017-08-26,3,Apple,6262,9:42:51,7.92E-02,5.729,,8:20:09,7.62E-02,,,3w21,,,,,,,,,22,white,Grant,9.851,17:08,2017-09-05,2017-08-26,3,Apple,6262,9:44:11,0.2418157,9.076,,8:22:05,0.2279589,,,3w22,,,,,,,,,23,white,Grant,9.798,17:07,2017-09-05,2017-08-26,3,Apple,6262,9:45:30,0.2361345,9.109,,8:23:24,0.1403352,,,3w23,,,,,,,,,24,white,Grant,6.813,17:07,2017-09-05,2017-08-26,3,Apple,6262,9:46:55,0.1830108,6.283,,8:24:32,0.1175357,,,3w24,,,,,,,,,25,white,Grant,5.002,17:06,2017-09-05,2017-08-26,3,Apple,6262,9:48:09,0.5288864,4.529,,8:25:52,0.5410966,,,3w25,2017-09-28,33,B2,fly,2,10:09,2017-10-03,9:40,frozen26,white,Grant,6.16,17:05,2017-09-05,2017-08-26,3,Apple,6262,9:49:41,8.77E-02,5.7,,8:27:45,0.3986581,,,3w26,,,,,,,,,27,white,Grant,7.119,17:05,2017-09-05,2017-08-26,3,Apple,6262,9:50:58,0.1693348,6.495,,8:28:56,0.1727652,,,3w27,,,,,,,,,28,white,Grant,5.515,17:04,2017-09-05,2017-08-26,3,Apple,6262,9:52:21,0.7812362,5.111,,8:30:04,0.7933757,,,3w28,,,,,,,,,29,white,Grant,10.139,17:04,2017-09-05,2017-08-26,3,Apple,6262,9:54:01,1.250385,9.091,,8:31:12,1.237783,,,3w29,,,,,,,,,30,white,Grant,6.91,17:04,2017-09-05,2017-08-26,3,Apple,6262,9:55:47,0.5401295,5.504,,8:32:30,0.6226395,,,3w30,,,,,,,,,31,white,Grant,8.536,17:04,2017-09-05,2017-08-26,3,Apple,6262,9:57:18,0.5739623,7.274,,8:33:55,0.2313992,,,3w31,,,,,,,,,32,white,Grant,5.865,17:03,2017-09-05,2017-08-26,3,Apple,6262,9:58:42,0.2518552,5.049,,8:35:00,0.1595003,,,3w32,,,,,,,,,33,white,Grant,10.011,17:03,2017-09-05,2017-08-26,3,Apple,6262,10:00:03,0.6779261,8.576,,8:36:07,0.6900791,,,3w33,,,,,,,,,34,white,Grant,7.234,17:02,2017-09-05,2017-08-26,3,Apple,6262,10:01:30,9.68E-02,6.772,,8:37:14,0.0875603,,,3w34,,,,,,,,,35,white,Grant,6.539,17:02,2017-09-05,2017-08-26,3,Apple,6262,10:02:49,1.055976,4.901,,8:38:19,0.8807317,,,3w35,2017-09-25,30,B8,wasp,21,16:08,2017-10-01,9:00,missing36,white,Grant,8.402,17:01,2017-09-05,2017-08-26,3,Apple,6262,10:04:27,1.356302,7.781,,8:40:19,1.330835,,,3w36,,,,,,,,,37,white,Grant,5.7,17:01,2017-09-05,2017-08-26,3,Apple,6262,10:06:07,1.016566,5.012,,8:42:36,0.9266564,,,3w37,,,,,,,,,38,white,Grant,8.529,17:01,2017-09-05,2017-08-26,3,Apple,6262,10:09:01,0.1979745,7.912,,8:44:07,0.1380371,,,3w38,,,,,,,,,39,white,Ferris,7.116,17:00,2017-09-05,2017-08-26,3,Apple,6262,10:10:32,0.1646126,6.653,,8:45:32,0.1283924,,,3w39,,,,,,,,,40,white,Ferris,6.519,17:00,2017-09-05,2017-08-26,3,Apple,6262,10:11:52,0.1709312,6.188,,8:46:48,0.1061887,,,3w40,,,,,,,,,41,white,Ferris,7.863,16:59,2017-09-05,2017-08-26,3,Apple,6262,10:13:10,0.1755034,7.154,,8:47:55,0.1125032,,,3w41,,,,,,,,,42,white,Ferris,6.747,16:59,2017-09-05,2017-08-26,3,Apple,6262,10:14:27,8.79E-02,6.205,,8:49:05,5.34E-02,,,3w42,,,,,,,,,43,white,Ferris,10.262,16:58,2017-09-05,2017-08-26,3,Apple,6262,10:15:43,0.3337167,9.568,,8:50:12,8.12E-02,,,3w43,,,,,,,,,44,white,Ferris,6.406,16:58,2017-09-05,2017-08-26,3,Apple,6262,10:17:05,0.1065234,5.939,,8:51:58,8.73E-02,,,3w44,,,,,,,,,45,white,Ferris,6.018,16:58,2017-09-05,2017-08-26,3,Apple,6262,10:18:22,0.1092104,5.618,,8:53:23,0.1153871,,,3w45,,,,,,,,,46,white,Ferris,6.815,16:57,2017-09-05,2017-08-26,3,Apple,6262,10:19:35,0.1076674,6.605,,8:54:39,6.09E-02,,,3w46,,,,,,,,,47,white,Ferris,10.985,16:56,2017-09-05,2017-08-26,3,Apple,6262,10:20:51,1.210737,10.56,,8:55:40,1.219327,,,3w47,2017-09-28,33,C4,fly,16,10:10,,,48,white,Ferris,8.437,16:55,2017-09-05,2017-08-26,3,Apple,6262,10:22:28,0.1621569,7.745,,8:56:58,0.3894625,,,3w48,,,,,,,,,49,white,Ferris,6.803,16:55,2017-09-05,2017-08-26,3,Apple,6262,10:23:41,0.1540184,6.317,,8:58:49,8.41E-02,,,3w49,,,,,,,,,50,white,Ferris,8.009,16:55,2017-09-05,2017-08-26,3,Apple,6262,10:25:02,8.51E-02,7.51,,8:59:55,0.1483143,,,3w50,,,,,,,,,51,white,Ferris,5.977,16:49,2017-09-05,2017-08-26,3,Apple,6262,10:26:14,0.1704077,5.538,,9:01:15,0.8837259,,,3w51,2017-09-27,32,C6,fly,1,16:54,,,52,white,Ferris,7.8,16:48,2017-09-05,2017-08-26,3,Apple,6262,10:27:38,1.780549,7.267,,9:02:26,0.1741527,,,3w52,,,,,,,,,53,white,Ferris,10.017,16:48,2017-09-05,2017-08-26,3,Apple,6262,10:29:14,8.11E-02,3.861,,9:03:37,0.0177549,,looks unhealthy,3w53,,,,,,,,,54,white,Ferris,8.886,16:47,2017-09-05,2017-08-26,3,Apple,6262,10:30:20,0.1629734,8.38,,9:05:03,9.66E-02,,,3w54,,,,,,,,,55,white,Ferris,8.403,16:47,2017-09-05,2017-08-26,3,Apple,6262,10:31:38,0.1857329,7.962,,9:06:14,5.88E-02,,,3w55,,,,,,,,,56,white,Ferris,6.346,16:47,2017-09-05,2017-08-26,3,Apple,6262,10:32:50,0.1992755,5.93,,9:07:22,0.1102193,,,3w56,,,,,,,,,57,white,Ferris,9.711,16:46,2017-09-05,2017-08-26,3,Apple,6262,10:34:20,0.373211,9.096,,9:08:39,0.1278913,,,3w57,,,,,,,,,58,white,blank,,16:46,2017-09-05,2017-08-26,3,Apple,6262,10:35:48,0.1161302,,,9:09:54,2.79E-02,,,3w58,,,,,,,,,59,white,blank,,16:45,2017-09-05,2017-08-26,3,Apple,6262,10:37:03,2.00E-02,,14:30,,,,,3w59,,,,,,,,,1,orange,Grant,8.076,13:16,2017-09-06,2017-08-27,4,Apple,6262,9:12:15,0.1046098,7.524,9:24,13:26:03,6.99E-02,,,4o1,,,,,,,,,2,orange,Grant,6.901,,2017-09-06,2017-08-27,4,Apple,6262,9:13:32,0.6100717,,,13:27:25,0.1043317,,smashed;  removed,4o2,,,,,,,,,3,orange,Ferris,9.239,,2017-09-06,2017-08-27,4,Apple,6262,9:14:57,0.0831688,8.538,,13:28:45,0.1235798,,,4o3,,,,,,,,,4,orange,Grant,8.772,,2017-09-06,2017-08-27,4,Apple,6262,9:16:11,0.1804283,7.987,,13:30:06,0.9628831,,,4o4,,,,,,,,,5,orange,Grant,9.604,,2017-09-06,2017-08-27,4,Apple,6262,9:17:23,1.244764,8.865,,13:31:25,0.3804671,,,4o5,2017-09-29,33,A3,fly,19,12:20,,,6,orange,Grant,6.531,,2017-09-06,2017-08-27,4,Apple,6262,9:18:53,1.290633,5.284,,13:32:48,1.294709,,,4o6,,,,,,,,,7,orange,Grant,11.077,,2017-09-06,2017-08-27,4,Apple,6262,9:20:28,1.790188,10.104,,13:34:01,0.9699637,,,4o7,2017-09-28,32,A4,fly,31,10:09,,,8,orange,Coll Hall,7.369,,2017-09-06,2017-08-27,4,Haw,6262,9:22:06,1.420276,5.716,,13:35:15,1.002697,,,4o8,,,,,,,,,9,orange,Grant,9.294,,2017-09-06,2017-08-27,4,Apple,6262,9:23:38,1.217385,8.216,,13:36:26,0.1061659,,,4o9,2017-09-27,33,A5,fly,15,12:15,2017-10-01,9:00,frozen10,orange,Grant,3.092,,2017-09-06,2017-08-27,4,Apple,6262,9:25:05,0.5007271,2.418,,13:38:03,8.71E-02,,,4o10,,,,,,,,,11,orange,Ferris,9.199,,2017-09-06,2017-08-27,4,Apple,6262,9:26:27,0.1676801,8.591,,13:39:07,0.1078483,,,4o11,,,,,,,,,12,orange,Grant,5.933,,2017-09-06,2017-08-27,4,Apple,6262,9:27:37,0.1323866,5.6,,13:40:16,1.000737,,,4o12,,,,,,,,,13,orange,Grant,7.302,,2017-09-06,2017-08-27,4,Apple,6262,9:28:45,1.244359,6.626,,13:41:30,0.0445403,,,4o13,2017-09-29,33,A9,fly,12,12:16,,,14,orange,Ferris,7.283,,2017-09-06,2017-08-27,4,Apple,6262,9:30:06,0.2335564,6.757,,13:42:48,4.04E-02,,,4o14,,,,,,,,,15,orange,Ferris,6.418,,2017-09-06,2017-08-27,4,Apple,6262,9:31:25,0.1245674,5.993,,13:43:52,1.300553,,,4o15,,,,,,,,,16,orange,Grant,11.73,,2017-09-06,2017-08-27,4,Apple,6262,9:32:48,1.624472,10.51,,13:45:09,0.6386935,,,4o16,2017-09-28,32,A11,fly,29,10:09,2017-10-01,9:00,frozen17,orange,Ferris,6.539,,2017-09-06,2017-08-27,4,Apple,6262,9:34:19,0.8524294,6.057,,13:46:18,0.1043842,,,4o17,2017-09-29,33,A12,fly,10,12:16,2017-10-03,9:40,frozen18,orange,Feris,8.575,,2017-09-06,2017-08-27,4,Apple,6262,9:35:44,0.1756792,8.154,,13:47:34,0.9455598,,,4o18,,,,,,,,,19,orange,Grant,8.603,,2017-09-06,2017-08-27,4,Apple,6262,9:37:03,1.231782,7.592,,13:48:50,7.71E-02,,,4o19,,,,,,,,,20,orange,Ferris,7.302,,2017-09-06,2017-08-27,4,Apple,6262,9:38:34,0.1485897,6.931,,13:50:08,1.282438,,,4o20,,,,,,,,,21,orange,Ferris,11.336,,2017-09-06,2017-08-27,4,Apple,6262,9:39:55,1.684562,10.386,,13:51:19,1.60E-02,,,4o21,2017-09-28,32,B2,fly,22,10:11,,,22,orange,Milford,8.009,,2017-09-06,2017-08-27,4,Haw,6262,9:41:37,3.70E-02,7.328,,13:52:39,4.27E-02,,,4o22,,,,,,,,,23,orange,Ferris,6.264,,2017-09-06,2017-08-27,4,Apple,6262,9:43:00,0.1211116,5.969,,13:54:05,8.64E-02,,,4o23,,,,,,,,,24,orange,Ferris,7.705,,2017-09-06,2017-08-27,4,Apple,6262,9:44:29,0.2046276,7.159,,13:55:08,7.54E-02,,,4o24,,,,,,,,,25,orange,Ferris,9.056,,2017-09-06,2017-08-27,4,Apple,6262,9:45:44,0.1784057,8.489,,13:56:17,0.5575531,,,4o25,,,,,,,,,26,orange,Grant,9.819,,2017-09-06,2017-08-27,4,Apple,6262,9:46:57,1.89636,7.798,,13:57:27,4.94E-02,,,4o26,,,,,,,,,27,orange,Grant,9.192,,2017-09-06,2017-08-27,4,Apple,6262,9:49:06,0.1370084,8.378,,13:58:38,5.02E-02,,,4o27,,,,,,,,,28,orange,Ferris,6.21,,2017-09-06,2017-08-27,4,Apple,6262,9:50:29,0.1058031,5.684,,13:59:43,9.72E-02,,notes say to skip marker 28;  problems with injection,4o28,,,,,,,,,29,orange,Grant,9.526,,2017-09-06,2017-08-27,4,Apple,6262,9:51:51,0.161168,8.45,,14:01:01,0.1219963,,,4o29,,,,,,,,,30,orange,Grant,7.393,,2017-09-06,2017-08-27,4,Apple,6262,9:53:18,0.1625316,,,,,,missing pupae; removed,4o30,,,,,,,,,31,orange,Ferris,4.979,,2017-09-06,2017-08-27,4,Apple,6262,9:54:49,6.42E-02,4.609,,14:02:24,5.08E-02,,,4o31,,,,,,,,,32,orange,Ferris,7.545,,2017-09-06,2017-08-27,4,Apple,6262,9:55:55,1.165649,6.992,,14:03:38,0.8510131,,,4o32,,,,,,,,,33,orange,Ferris,8.081,,2017-09-06,2017-08-27,4,Apple,6262,9:57:21,0.1882105,7.638,,14:04:46,0.1014818,,,4o33,,,,,,,,,34,orange,Coll Hall,4.954,,2017-09-06,2017-08-27,4,Haw,6262,9:58:45,5.70E-02,4.618,,14:05:54,3.97E-02,,,4o34,,,,,,,,,35,orange,Ferris,9.061,,2017-09-06,2017-08-27,4,Apple,6262,10:00:02,0.4738911,7.578,,14:06:57,0.2867093,,,4o35,,,,,,,,,36,orange,Ferris,7.338,,2017-09-06,2017-08-27,4,Apple,6262,10:01:15,0.2101363,6.772,,14:08:11,0.1070328,,,4o36,,,,,,,,,37,orange,Ferris,6.543,,2017-09-06,2017-08-27,4,Apple,6262,10:02:30,0.1139422,6.068,,14:09:19,6.47E-02,,,4o37,,,,,,,,,38,orange,Ferris,11.107,,2017-09-06,2017-08-27,4,Apple,6262,10:03:38,0.395359,3.895,,,,,smashed; removed,4o38,,,,,,,,,39,orange,Ferris,10.968,,2017-09-06,2017-08-27,4,Apple,6262,10:04:53,0.2635708,10.386,,14:10:23,0.1349461,,,4o39,,,,,,,,,40,orange,Grant,8.055,,2017-09-06,2017-08-27,4,Apple,6262,10:06:04,2.094729,6.476,,14:11:27,1.115538,,,4o40,,,,,,,,,41,orange,Grant,8.159,,2017-09-06,2017-08-27,4,Apple,6262,10:07:33,0.153683,7.543,,14:12:39,6.93E-02,,,4o41,,,,,,,,,42,orange,Grant,6.89,,2017-09-06,2017-08-27,4,Apple,6262,10:08:42,0.1751252,6.289,,14:13:40,0.0669483,,,4o42,,,,,,,,,43,orange,Ferris,7.157,,2017-09-06,2017-08-27,4,Apple,6262,10:09:55,0.1020405,6.804,,14:14:36,0.0771708,,,4o43,,,,,,,,,44,orange,Ferris,8.328,,2017-09-06,2017-08-27,4,Apple,6262,10:11:11,9.84E-02,7.779,,14:15:40,9.62E-02,,,4o44,,,,,,,,,45,orange,Grant,5.849,,2017-09-06,2017-08-27,4,Apple,6262,10:12:25,0.1214549,5.333,,14:16:44,5.28E-02,,,4o45,,,,,,,,,46,orange,Ferris,6.839,,2017-09-06,2017-08-27,4,Apple,6262,10:13:32,0.1859383,6.341,,14:17:57,9.66E-02,,,4o46,,,,,,,,,47,orange,Grant,10.324,,2017-09-06,2017-08-27,4,Apple,6262,10:14:36,0.1649,,,,,,smashed; removed,4o47,,,,,,,,,48,orange,Ferris,5.833,,2017-09-06,2017-08-27,4,Apple,6262,10:15:36,0.139059,5.448,,14:19:10,0.1265217,,,4o48,,,,,,,,,49,orange,Grant,7.085,,2017-09-06,2017-08-27,4,Apple,6262,10:16:49,0.1115402,6.553,,14:20:30,6.95E-02,,,4o49,,,,,,,,,50,orange,Grant,8.588,,2017-09-06,2017-08-27,4,Apple,6262,10:18:00,0.1187005,7.987,,14:21:47,0.0773105,,,4o50,,,,,,,,,51,orange,Ferris,6.21,,2017-09-06,2017-08-27,4,Apple,7000,10:19:12,1.286177,5.671,,14:23:02,0.5723099,,,4o51,,,,,,,,,52,orange,Ferris,9.771,,2017-09-06,2017-08-27,4,Apple,7000,10:20:42,1.221004,9.131,,14:24:10,8.63E-02,,,4o52,,,,,,,,,53,orange,Ferris,12.332,,2017-09-06,2017-08-27,4,Apple,7000,10:22:05,0.1051074,11.735,,14:25:20,1.006703,,,4o53,2017-09-28,32,C12,fly,6,10:00,2017-10-03,9:40,missing54,orange,Grant,4.355,,2017-09-06,2017-08-27,4,Apple,7000,10:23:28,0.9536007,3.039,,14:26:33,0.2008924,,,4o54,,,,,,,,,55,orange,Grant,6.425,,2017-09-06,2017-08-27,4,Apple,7000,10:24:57,0.1580312,5.881,,14:27:35,7.62E-02,,,4o55,,,,,,,,,56,orange,Ferris,8.983,,2017-09-06,2017-08-27,4,Apple,7000,10:26:15,0.1384309,8.365,,14:28:39,8.37E-02,,,4o56,,,,,,,,,57,orange,Ferris,10.964,,2017-09-06,2017-08-27,4,Apple,7000,10:27:37,0.1529636,10.327,,14:29:54,0.1177217,,,4o57,,,,,,,,,58,orange,Ferris,8.766,,2017-09-06,2017-08-27,4,Apple,7000,10:28:48,1.34201,8.017,,14:31:12,1.110716,,,4o58,,,,,,,,,59,orange,Grant,9.877,,2017-09-06,2017-08-27,4,Apple,7000,10:30:12,0.8135575,9.296,,14:32:22,8.79E-02,,,4o59,,,,,,,,,60,orange,Grant,7.102,,2017-09-06,2017-08-27,4,Apple,7000,10:31:33,0.1440515,5.63,,14:33:36,1.048328,,,4o60,2017-09-25,29,D8,wasp,13,16:08,,,61,orange,Grant,6.797,,2017-09-06,2017-08-27,4,Apple,7000,10:32:40,1.243895,6.4,,14:34:42,8.54E-02,,,4o61,,,,,,,,,62,orange,Grant,6.473,,2017-09-06,2017-08-27,4,Apple,7000,10:34:06,0.7599244,2.264,,14:35:42,9.96E-03,,looks unhealthy,4o62,,,,,,,,,63,orange,Grant,4.953,,2017-09-06,2017-08-27,4,Apple,7000,10:37:16,0.2076498,3.833,,14:36:59,0.182968,,,4o63,,,,,,,,,64,orange,Grant,5.019,,2017-09-06,2017-08-27,4,Apple,7000,10:41:44,0.1249017,4.133,,14:38:13,0.1205975,,,4o64,,,,,,,,,65,orange,Ferris,9.564,,2017-09-06,2017-08-27,4,Apple,7000,10:42:55,0.1572884,9.007,,14:39:11,9.28E-02,,,4o65,,,,,,,,,66,orange,Ferris,11.72,,2017-09-06,2017-08-27,4,Apple,7000,10:44:29,0.9619741,4.185,,14:40:15,1.48E-02,,,4o66,,,,,,,,,67,orange,Grant,5.442,,2017-09-06,2017-08-27,4,Apple,7000,10:45:55,0.7460406,4.245,,14:41:13,0.7572528,,,4o67,,,,,,,,,68,orange,Ferris,9.328,,2017-09-06,2017-08-27,4,Apple,7000,10:47:13,0.1721163,8.799,,14:42:21,0.1370301,,,4o68,,,,,,,,,69,orange,Ferris,4.12,,2017-09-06,2017-08-27,4,Apple,7000,10:48:19,7.12E-02,3.942,,14:43:25,9.25E-02,,,4o69,,,,,,,,,70,orange,Grant,5.651,,2017-09-06,2017-08-27,4,Apple,7000,10:49:30,7.56E-02,5.25,,14:44:23,8.82E-02,,,4o70,,,,,,,,,71,orange,Grant,8.96,,2017-09-06,2017-08-27,4,Apple,7000,10:50:42,0.9058465,8.202,,14:45:21,1.093547,,,4o71,,,,,,,,,72,orange,Grant,6.383,,2017-09-06,2017-08-27,4,Apple,7000,10:52:05,0.4475683,4.854,,14:46:48,0.1590046,,,4o72,,,,,,,,,73,orange,Ferris,7.45,,2017-09-06,2017-08-27,4,Apple,7000,10:53:26,0.1075695,6.955,,14:47:51,0.1130021,,,4o73,,,,,,,,,74,orange,Ferris,7.601,,2017-09-06,2017-08-27,4,Apple,7000,10:54:41,6.58E-02,6.989,,14:48:45,9.37E-02,,,4o74,,,,,,,,,75,orange,Ferris,9.174,,2017-09-06,2017-08-27,4,Apple,7000,10:55:47,8.26E-02,8.588,,14:49:39,0.1036049,,,4o75,,,,,,,,,76,orange,Ferris,11.574,,2017-09-06,2017-08-27,4,Apple,7000,10:56:51,0.7611279,10.673,,14:50:34,0.9751113,,,4o76,2017-09-28,32,E9,fly,4,10:11,,,77,orange,blank,,,2017-09-06,2017-08-27,4,Apple,7000,10:58:11,9.91E-03,,,14:51:43,9.47E-03,,,4o77,,,,,,,,,78,orange,blank,,14:30,2017-09-06,2017-08-27,4,Apple,7000,10:59:16,9.21E-03,,9:45,14:52:37,9.66E-03,,,4o78,,,,,,,,,1,white,Ferris,5.593,14:30,2017-09-06,2017-08-27,4,Apple,7000,9:12:15,0.1091215,5.126,9:47,13:26:03,6.23E-02,,,4w1,,,,,,,,,2,white,Grant,6.118,,2017-09-06,2017-08-27,4,Apple,7000,9:13:32,0.4870371,5.541,,13:27:25,1.116512,,,4w2,,,,,,,,,3,white,Grant,9.318,,2017-09-06,2017-08-27,4,Apple,7000,9:14:57,7.55E-02,8.478,,13:28:45,0.1755771,,,4w3,,,,,,,,,4,white,Grant,8.011,,2017-09-06,2017-08-27,4,Apple,7000,9:16:11,7.49E-02,7.482,,13:30:06,0.1124367,,,4w4,,,,,,,,,5,white,Ferris,8.884,,2017-09-06,2017-08-27,4,Apple,7000,9:17:23,0.7479109,8.04,,13:31:25,1.649461,,,4w5,,,,,,,,,6,white,Ferris,5.603,,2017-09-06,2017-08-27,4,Apple,7000,9:18:53,0.5496135,5.19,,13:32:48,1.065942,,,4w6,,,,,,,,,7,white,Ferris,8.063,,2017-09-06,2017-08-27,4,Apple,7000,9:20:28,0.8556846,7.534,,13:34:01,1.607713,,,4w7,,,,,,,,,8,white,Grant,5.802,,2017-09-06,2017-08-27,4,Apple,7000,9:22:06,5.99E-02,5.447,,13:35:15,0.1411569,,,4w8,,,,,,,,,9,white,Ferris,9.143,,2017-09-06,2017-08-27,4,Apple,7000,9:23:38,0.1177236,8.416,,13:36:26,0.1731398,,,4w9,,,,,,,,,10,white,Grant,11.636,,2017-09-06,2017-08-27,4,Apple,7000,9:25:05,8.61E-02,10.387,,13:38:03,0.2275009,,,4w10,,,,,,,,,11,white,Ferris,6.391,,2017-09-06,2017-08-27,4,Apple,7000,9:26:27,6.36E-02,6.12,,13:39:07,0.1434972,,,4w11,,,,,,,,,12,white,Grant,8.459,,2017-09-06,2017-08-27,4,Apple,7000,9:27:37,0.3577054,,,,,,smashed; removed,4w12,,,,,,,,,13,white,Ferris,6.926,,2017-09-06,2017-08-27,4,Apple,7000,9:28:45,0.1208041,6.32,,13:40:16,0.4860066,,,4w13,,,,,,,,,14,white,Grant,9.607,,2017-09-06,2017-08-27,4,Apple,7000,9:30:06,0.1344501,8.763,,13:41:30,0.2373016,,,4w14,,,,,,,,,15,white,Grant,9.457,,2017-09-06,2017-08-27,4,Apple,7000,9:31:25,0.3836159,,,13:42:48,0.1051797,,smashed; removed,4w15,,,,,,,,,16,white,Ferris,5.552,,2017-09-06,2017-08-27,4,Apple,7000,9:32:48,7.41E-02,5.249,,,,,,4w16,,,,,,,,,17,white,Grant,4.518,,2017-09-06,2017-08-27,4,Apple,7000,9:34:19,0.563097,3.466,,13:43:52,0.9566836,,,4w17,,,,,,,,,18,white,Grant,9.372,,2017-09-06,2017-08-27,4,Apple,7000,9:35:44,1.222257,,,13:45:09,0.1939579,,smashed; removed,4w18,,,,,,,,,19,white,Ferris,8.133,,2017-09-06,2017-08-27,4,Apple,7000,9:37:03,7.51E-02,7.723,,,,,,4w19,,,,,,,,,20,white,Ferris,7.325,,2017-09-06,2017-08-27,4,Apple,7000,9:38:34,0.6977664,6.773,,13:46:18,1.453726,,,4w20,,,,,,,,,21,white,Ferris,9.429,,2017-09-06,2017-08-27,4,Apple,7000,9:39:55,0.806345,8.851,,13:47:34,1.637548,,,4w21,,,,,,,,,22,white,Grant,6.182,,2017-09-06,2017-08-27,4,Apple,7000,9:41:37,0.9335825,5.641,,13:48:50,1.959853,,,4w22,,,,,,,,,23,white,Ferris,6.282,,2017-09-06,2017-08-27,4,Apple,7000,9:43:00,0.5717021,5.856,,13:50:08,1.045449,,,4w23,,,,,,,,,24,white,Ferris,7.134,,2017-09-06,2017-08-27,4,Apple,7000,9:44:29,6.41E-02,6.587,,13:51:19,0.125105,,,4w24,,,,,,,,,25,white,Grant,5.528,,2017-09-06,2017-08-27,4,Apple,7000,9:45:44,0.3306405,4.081,,13:52:39,0.8546162,,,4w25,,,,,,,,,26,white,Grant,8.105,,2017-09-06,2017-08-27,4,Apple,7000,9:46:57,7.05E-02,7.446,,13:54:05,0.1158061,,,4w26,,,,,,,,,27,white,Grant,5.537,,2017-09-06,2017-08-27,4,Apple,7000,9:49:06,5.09E-03,5.079,,13:55:08,8.06E-02,,,4w27,,,,,,,,,28,white,Ferris,9.959,,2017-09-06,2017-08-27,4,Apple,7000,9:50:29,0.1373951,9.25,,13:56:17,0.2236417,,notes say to skip marker 28;  problems with injection,4w28,,,,,,,,,29,white,Grant,5.158,,2017-09-06,2017-08-27,4,Apple,7000,9:51:51,0.7161234,1.948,,13:57:27,0.0669229,,looks unhealthy,4w29,,,,,,,,,30,white,Grant,6.602,,2017-09-06,2017-08-27,4,Apple,7000,9:53:18,7.32E-02,6.065,,13:58:38,9.53E-02,,,4w30,,,,,,,,,31,white,Grant,5.513,,2017-09-06,2017-08-27,4,Apple,7000,9:54:49,6.07E-02,5.087,,13:59:43,8.88E-02,,,4w31,,,,,,,,,32,white,Ferris,9.485,,2017-09-06,2017-08-27,4,Apple,7000,9:55:55,0.1341878,8.806,,14:01:01,0.1878995,,,4w32,,,,,,,,,33,white,Grant,4.881,,2017-09-06,2017-08-27,4,Apple,7000,9:57:21,0.7558503,3.633,,14:02:24,1.234512,,,4w33,,,,,,,,,34,white,Grant,5.494,,2017-09-06,2017-08-27,4,Apple,7000,9:58:45,0.6048005,,,,,,smashed; removed,4w34,,,,,,,,,35,white,Ferris,11.969,,2017-09-06,2017-08-27,4,Apple,7000,10:00:02,0.5275802,,,,,,smashed; removed,4w35,,,,,,,,,36,white,Grant,7.553,,2017-09-06,2017-08-27,4,Apple,7000,10:01:15,6.49E-02,6.901,,14:03:38,0.1029449,,,4w36,,,,,,,,,37,white,Grant,6.565,,2017-09-06,2017-08-27,4,Apple,7000,10:02:30,9.70E-02,5.95,,14:04:46,0.1583562,,,4w37,,,,,,,,,38,white,Milford,11.624,,2017-09-06,2017-08-27,4,Haw,7000,10:03:38,0.2791506,10.782,,14:05:54,0.2478231,,,4w38,,,,,,,,,39,white,Grant,8.246,,2017-09-06,2017-08-27,4,Apple,7000,10:04:53,9.90E-02,7.498,,14:06:57,0.2310615,,,4w39,,,,,,,,,40,white,Ferris,9.771,,2017-09-06,2017-08-27,4,Apple,7000,10:06:04,0.1024346,9.082,,14:08:11,0.1649091,,,4w40,,,,,,,,,41,white,Ferris,9.137,,2017-09-06,2017-08-27,4,Apple,7000,10:07:33,0.1115131,8.39,,14:09:19,0.2023596,,,4w41,,,,,,,,,42,white,Grant,3.612,,2017-09-06,2017-08-27,4,Apple,7000,10:08:42,0.2423861,2.89,,14:10:23,0.1611952,,,4w42,,,,,,,,,43,white,Ferris,6.876,,2017-09-06,2017-08-27,4,Apple,7000,10:09:55,0.7022233,6.404,,14:11:27,1.269099,,,4w43,,,,,,,,,44,white,Grant,8.837,,2017-09-06,2017-08-27,4,Apple,7000,10:11:11,0.1132721,8.141,,14:12:39,0.2719187,,,4w44,,,,,,,,,45,white,Grant,9.453,,2017-09-06,2017-08-27,4,Apple,7000,10:12:25,0.1117972,8.799,,14:13:40,0.1555932,,,4w45,,,,,,,,,46,white,Grant,6.458,,2017-09-06,2017-08-27,4,Apple,7000,10:13:32,9.16E-02,5.982,,14:14:36,0.2642829,,,4w46,,,,,,,,,47,white,Ferris,8.931,,2017-09-06,2017-08-27,4,Apple,7000,10:14:36,7.75E-02,8.274,,14:15:40,0.1415041,,,4w47,,,,,,,,,48,white,Grant,8.267,,2017-09-06,2017-08-27,4,Apple,7000,10:15:36,0.612756,7.686,,14:16:44,1.154972,,,4w48,,,,,,,,,49,white,Grant,7.886,,2017-09-06,2017-08-27,4,Apple,7000,10:16:49,0.6955668,7.083,,14:17:57,1.225845,,,4w49,,,,,,,,,50,white,Milford,11.759,,2017-09-06,2017-08-27,4,Haw,7000,10:18:00,0.1052543,10.857,,14:19:10,0.2032043,,,4w50,,,,,,,,,51,white,Grant,11.131,,2017-09-06,2017-08-27,4,Apple,6262,10:19:12,0.4543417,9.812,,14:20:30,1.570572,,,4w51,,,,,,,,,52,white,Ferris,6.326,,2017-09-06,2017-08-27,4,Apple,6262,10:20:42,0.1396885,5.875,,14:21:47,1.319308,,,4w52,,,,,,,,,53,white,Grant,4.484,,2017-09-06,2017-08-27,4,Apple,6262,10:22:05,0.6907977,4.129,,14:23:02,9.05E-02,,,4w53,,,,,,,,,54,white,Ferris,5.327,,2017-09-06,2017-08-27,4,Apple,6262,10:23:28,0.208345,4.938,,14:24:10,1.158518,,,4w54,,,,,,,,,55,white,Grant,10.858,,2017-09-06,2017-08-27,4,Apple,6262,10:24:57,7.16E-02,9.886,,14:25:20,0.2481839,,,4w55,,,,,,,,,56,white,Ferris,7.307,,2017-09-06,2017-08-27,4,Apple,6262,10:26:15,0.0622309,6.844,,14:26:33,0.219445,,,4w56,,,,,,,,,57,white,Grant,6.917,,2017-09-06,2017-08-27,4,Apple,6262,10:27:37,0.1043199,6.721,,14:27:35,0.1824077,,,4w57,,,,,,,,,58,white,Grant,4.992,,2017-09-06,2017-08-27,4,Apple,6262,10:28:48,0.8371406,3.636,,14:28:39,0.8387026,,,4w58,,,,,,,,,59,white,Grant,4.727,,2017-09-06,2017-08-27,4,Apple,6262,10:30:12,7.05E-02,4.296,,14:29:54,0.9499008,,,4w59,,,,,,,,,60,white,Ferris,7.82,,2017-09-06,2017-08-27,4,Apple,6262,10:31:33,0.980693,7.299,,14:31:12,0.1221699,,,4w60,,,,,,,,,61,white,Grant,6.867,,2017-09-06,2017-08-27,4,Apple,6262,10:32:40,5.81E-02,6.243,,14:32:22,1.440635,,,4w61,,,,,,,,,62,white,Ferris,8.896,,2017-09-06,2017-08-27,4,Apple,6262,10:34:06,0.3026866,,,,,,missing pupae,4w62,,,,,,,,,63,white,Grant,5.974,,2017-09-06,2017-08-27,4,Apple,6262,10:37:16,0.5114057,5.467,,14:33:36,0.1123689,,,4w63,,,,,,,,,64,white,Grant,6.55,,2017-09-06,2017-08-27,4,Apple,6262,10:41:44,0.121769,5.944,,14:34:42,8.92E-02,,,4w64,,,,,,,,,65,white,Grant,10.582,,2017-09-06,2017-08-27,4,Apple,6262,10:42:55,2.568664,,,,,,smashed; removed,4w65,,,,,,,,,66,white,Ferris,7.29,,2017-09-06,2017-08-27,4,Apple,6262,10:44:29,1.202627,6.687,,14:35:42,1.308663,,,4w66,2017-09-27,31,D11,fly,23,16:54,,,67,white,Grant,6.035,,2017-09-06,2017-08-27,4,Apple,6262,10:45:55,0.1341395,5.274,,14:36:59,0.1607953,,,4w67,,,,,,,,,68,white,Ferris,6.56,,2017-09-06,2017-08-27,4,Apple,6262,10:47:13,0.1075178,6.175,,14:38:13,0.1816118,,,4w68,,,,,,,,,69,white,Ferris,8.47,,2017-09-06,2017-08-27,4,Apple,6262,10:48:19,0.1195403,7.799,,14:39:11,0.1793586,,,4w69,,,,,,,,,70,white,Ferris,10.624,,2017-09-06,2017-08-27,4,Apple,6262,10:49:30,0.1773003,10.019,,14:40:15,9.18E-02,,,4w70,,,,,,,,,71,white,Ferris,8.171,,2017-09-06,2017-08-27,4,Apple,6262,10:50:42,0.201703,7.594,,14:41:13,0.1595813,,,4w71,,,,,,,,,72,white,Grant,6.366,,2017-09-06,2017-08-27,4,Apple,6262,10:52:05,0.152016,5.765,,14:42:21,0.1860625,,,4w72,,,,,,,,,73,white,Ferris,11.6,,2017-09-06,2017-08-27,4,Apple,6262,10:53:26,0.1576007,10.738,,14:43:25,0.1393056,,,4w73,,,,,,,,,74,white,Ferris,7.682,,2017-09-06,2017-08-27,4,Apple,6262,10:54:41,0.1118606,7.127,,14:44:23,0.1298089,,,4w74,,,,,,,,,75,white,Ferris,6.971,,2017-09-06,2017-08-27,4,Apple,6262,10:55:47,0.1681222,6.559,,14:45:21,0.1194427,,,4w75,,,,,,,,,76,white,Grant,6.545,,2017-09-06,2017-08-27,4,Apple,6262,10:56:51,0.1179017,6.035,,14:46:48,9.98E-02,,,4w76,,,,,,,,,77,white,blank,,,2017-09-06,2017-08-27,4,Apple,6262,10:58:11,1.54E-02,,,14:47:51,1.14E-02,,,4w77,,,,,,,,,78,white,blank,,16:12,2017-09-06,2017-08-27,4,Apple,6262,10:59:16,0.0147821,,10:09,14:48:45,1.18E-02,,,4w78,,,,,,,,,1,white,Ferris,6.864,16:38,2017-09-07,2017-08-28,5,Apple,,,,6.356,17:14,,,,,5w1,,,,,,,,,2,white,Grant,9.118,,2017-09-07,2017-08-28,5,Apple,,,,8.17,,,,,,5w2,,,,,,,,,3,white,Grant,6.251,,2017-09-07,2017-08-28,5,Apple,,,,5.271,,,,,,5w3,,,,,,,,,4,white,Grant,10.782,,2017-09-07,2017-08-28,5,Apple,,,,10.02,,,,,,5w4,2017-09-29,32,A3,lfy,24,12:20,,,5,white,Ferris,7.905,,2017-09-07,2017-08-28,5,Apple,,,,7.014,,,,,,5w5,,,,,,,,,6,white,Grant,8.712,,2017-09-07,2017-08-28,5,Apple,,,,8.454,,,,,,5w6,,,,,,,,,7,white,Grant,6.317,,2017-09-07,2017-08-28,5,Apple,,,,5.959,,,,,,5w7,,,,,,,,,8,white,Ferris,10.755,,2017-09-07,2017-08-28,5,Apple,,,,9.814,,,,,,5w8,,,,,,,,,9,white,Grant,6.597,,2017-09-07,2017-08-28,5,Apple,,,,6.203,,,,,,5w9,,,,,,,,,10,white,Grant,8.285,,2017-09-07,2017-08-28,5,Apple,,,,7.489,,,,,,5w10,,,,,,,,,11,white,Ferris,10.045,,2017-09-07,2017-08-28,5,Apple,,,,9.344,,,,,,5w11,,,,,,,,,12,white,Ferris,6.878,,2017-09-07,2017-08-28,5,Apple,,,,6.413,,,,,,5w12,,,,,,,,,13,white,Grant,6.075,,2017-09-07,2017-08-28,5,Apple,,,,5.625,,,,,,5w13,,,,,,,,,14,white,Ferris,6.323,,2017-09-07,2017-08-28,5,Apple,,,,5.805,,,,,,5w14,,,,,,,,,15,white,Ferris,6.911,,2017-09-07,2017-08-28,5,Apple,,,,6.382,,,,,,5w15,,,,,,,,,16,white,Grant,8.853,,2017-09-07,2017-08-28,5,Apple,,,,8.198,,,,,,5w16,,,,,,,,,17,white,Ferris,10.01,,2017-09-07,2017-08-28,5,Apple,,,,9.219,,,,,,5w17,,,,,,,,,18,white,Ferris,8.383,,2017-09-07,2017-08-28,5,Apple,,,,6.994,,,,,,5w18,,,,,,,,,19,white,Grant,5.575,,2017-09-07,2017-08-28,5,Apple,,,,5.384,,,,,,5w19,,,,,,,,,20,white,Ferris,6.588,,2017-09-07,2017-08-28,5,Apple,,,,6.098,,,,,,5w20,,,,,,,,,21,white,Feris,7.049,,2017-09-07,2017-08-28,5,Apple,,,,6.379,,,,,,5w21,,,,,,,,,22,white,Ferris,9.686,,2017-09-07,2017-08-28,5,Apple,,,,8.908,,,,,,5w22,2017-09-29,32,A9,fly,24,12:21,,,23,white,Grant,8.641,,2017-09-07,2017-08-28,5,Apple,,,,8.084,,,,,,5w23,,,,,,,,,24,white,Ferris,9.189,,2017-09-07,2017-08-28,5,Apple,,,,8.472,,,,,,5w24,,,,,,,,,25,white,Grant,6.018,,2017-09-07,2017-08-28,5,Apple,,,,5.445,,,,,,5w25,,,,,,,,,26,white,Ferris,7.881,,2017-09-07,2017-08-28,5,Apple,,,,7.203,,,,,,5w26,,,,,,,,,27,white,Ferris,8.509,,2017-09-07,2017-08-28,5,Apple,,,,7.816,,,,,,5w27,,,,,,,,,28,white,Ferris,6.663,,2017-09-07,2017-08-28,5,Apple,,,,5.306,,,,,,5w28,,,,,,,,,29,white,Grant,5.962,,2017-09-07,2017-08-28,5,Apple,,,,5.578,,,,,,5w29,,,,,,,,,30,white,Ferris,6.944,,2017-09-07,2017-08-28,5,Apple,,,,6.384,,,,,,5w30,,,,,,,,,31,white,Ferris,8.831,,2017-09-07,2017-08-28,5,Apple,,,,8.191,,,,,,5w31,,,,,,,,,32,white,Grant,5.971,,2017-09-07,2017-08-28,5,Apple,,,,5.482,,,,,,5w32,,,,,,,,,33,white,Ferris,10.855,,2017-09-07,2017-08-28,5,Apple,,,,10.231,,,,,,5w33,,,,,,,,,34,white,Grant,7.155,,2017-09-07,2017-08-28,5,Apple,,,,6.736,,,,,,5w34,,,,,,,,,35,white,Ferris,6.583,,2017-09-07,2017-08-28,5,Apple,,,,6.112,,,,,,5w35,,,,,,,,,36,white,Grant,7.602,,2017-09-07,2017-08-28,5,Apple,,,,7.176,,,,,,5w36,,,,,,,,,37,white,Ferris,8.681,,2017-09-07,2017-08-28,5,Apple,,,,7.993,,,,,,5w37,,,,,,,,,38,white,Grant,7.987,,2017-09-07,2017-08-28,5,Apple,,,,7.435,,,,,,5w38,,,,,,,,,39,white,Grant,8.398,,2017-09-07,2017-08-28,5,Apple,,,,7.884,,,,,,5w39,,,,,,,,,40,white,Ferris,8.486,,2017-09-07,2017-08-28,5,Apple,,,,7.823,,,,,,5w40,,,,,,,,,41,white,Grant,8.265,,2017-09-07,2017-08-28,5,Apple,,,,7.527,,,,,,5w41,,,,,,,,,42,white,Ferris,6.755,,2017-09-07,2017-08-28,5,Apple,,,,6.114,,,,,,5w42,,,,,,,,,43,white,Milford,8.566,,2017-09-07,2017-08-28,5,Haw,,,,8.333,,,,,,5w43,,,,,,,,,44,white,Ferris,7.063,,2017-09-07,2017-08-28,5,Apple,,,,6.416,,,,,,5w44,,,,,,,,,45,white,Milford,9.889,,2017-09-07,2017-08-28,5,Haw,,,,9.253,,,,,,5w45,,,,,,,,,46,white,Milford,8.585,,2017-09-07,2017-08-28,5,Haw,,,,8.162,,,,,,5w46,,,,,,,,,47,white,Ferris,11.093,,2017-09-07,2017-08-28,5,Apple,,,,10.336,,,,,,5w47,,,,,,,,,48,white,Ferris,6.87,,2017-09-07,2017-08-28,5,Apple,,,,6.359,,,,,,5w48,,,,,,,,,49,white,Ferris,8.353,,2017-09-07,2017-08-28,5,Apple,,,,7.754,,,,,,5w49,,,,,,,,,50,white,Milford,11.507,,2017-09-07,2017-08-28,5,Haw,,,,10.776,,,,,,5w50,,,,,,,,,51,white,Ferris,9.315,,2017-09-07,2017-08-28,5,Apple,,,,8.911,,,,,,5w51,,,,,,,,,52,white,Grant,9.342,,2017-09-07,2017-08-28,5,Apple,,,,8.731,,,,,,5w52,,,,,,,,,53,white,Ferris,7.848,,2017-09-07,2017-08-28,5,Apple,,,,7.376,,,,,,5w53,,,,,,,,,54,white,Milford,12.83,,2017-09-07,2017-08-28,5,Haw,,,,12.034,,,,,,5w54,,,,,,,,,55,white,Ferris,6.887,,2017-09-07,2017-08-28,5,Apple,,,,6.362,,,,,,5w55,,,,,,,,,56,white,Grant,6.639,,2017-09-07,2017-08-28,5,Apple,,,,6.006,,,,,,5w56,,,,,,,,,57,white,Ferris,10.11,,2017-09-07,2017-08-28,5,Apple,,,,9.527,,,,,,5w57,,,,,,,,,58,white,Grant,5.725,,2017-09-07,2017-08-28,5,Apple,,,,5.341,,,,,,5w58,,,,,,,,,59,white,Milford,7.837,,2017-09-07,2017-08-28,5,Haw,,,,7.337,,,,,,5w59,,,,,,,,,60,white,Ferris,10.736,,2017-09-07,2017-08-28,5,Apple,,,,9.911,,,,,,5w60,,,,,,,,,61,white,Grant,6.331,,2017-09-07,2017-08-28,5,Apple,,,,5.793,,,,,,5w61,,,,,,,,,62,white,,,,2017-09-07,2017-08-28,5,Apple,,,,,,,,,,5w62,,,,,,,,,63,white,Ferris,9.29,,2017-09-07,2017-08-28,5,Apple,,,,8.527,,,,,,5w63,,,,,,,,,64,white,Ferris,6.727,,2017-09-07,2017-08-28,5,Apple,,,,5.236,,,,,,5w64,,,,,,,,,65,white,Grant,9.526,,2017-09-07,2017-08-28,5,Apple,,,,8.968,,,,,,5w65,,,,,,,,,66,white,Ferris,10.449,,2017-09-07,2017-08-28,5,Apple,,,,9.787,,,,,,5w66,,,,,,,,,67,white,Ferris,9.405,,2017-09-07,2017-08-28,5,Apple,,,,8.674,,,,,,5w67,,,,,,,,,68,white,Grant,7.468,,2017-09-07,2017-08-28,5,Apple,,,,4.45,,,,,,5w68,,,,,,,,,69,white,Ferris,7.486,,2017-09-07,2017-08-28,5,Apple,,,,6.926,,,,,,5w69,2017-09-29,32,C2,fly,5,12:22,,,70,white,,,,2017-09-07,2017-08-28,5,Apple,,,,,,,,,,5w70,,,,,,,,,71,white,Ferris,8.518,,2017-09-07,2017-08-28,5,Apple,,,,7.769,,,,,,5w71,,,,,,,,,72,white,Grant,7.257,,2017-09-07,2017-08-28,5,Apple,,,,6.866,,,,,,5w72,,,,,,,,,73,white,Ferris,9.786,,2017-09-07,2017-08-28,5,Apple,,,,9.081,,,,,,5w73,,,,,,,,,74,white,Ferris,6.441,,2017-09-07,2017-08-28,5,Apple,,,,5.937,,,,,,5w74,,,,,,,,,75,white,Grant,10.202,17:25,2017-09-07,2017-08-28,5,Apple,,,,9.59,17:36,,,,,5w75,,,,,,,,,1,blue,Ferris,8.15,17:26,2017-09-07,2017-08-28,5,Apple,,,,7.517,16:49,,,,,5b1,,,,,,,,,2,blue,Grant,5.977,,2017-09-07,2017-08-28,5,Apple,,,,5.711,,,,,,5b2,,,,,,,,,3,blue,Ferris,8.514,,2017-09-07,2017-08-28,5,Apple,,,,8.033,,,,,,5b3,,,,,,,,,4,blue,Grant,8.014,,2017-09-07,2017-08-28,5,Apple,,,,3.324,,,,,,5b4,,,,,,,,,5,blue,Ferris,8.886,,2017-09-07,2017-08-28,5,Apple,,,,7.66,,,,,,5b5,,,,,,,,,6,blue,Grant,5.692,,2017-09-07,2017-08-28,5,Apple,,,,5.505,,,,,,5b6,,,,,,,,,7,blue,Ferris,10.886,,2017-09-07,2017-08-28,5,Apple,,,,8.314,,,,,,5b7,,,,,,,,,8,blue,Grant,6.827,,2017-09-07,2017-08-28,5,Apple,,,,6.554,,,,,,5b8,,,,,,,,,9,blue,Ferris,9.582,,2017-09-07,2017-08-28,5,Apple,,,,8.764,,,,,,5b9,,,,,,,,,10,blue,Ferris,7.712,,2017-09-07,2017-08-28,5,Apple,,,,7.227,,,,,,5b10,,,,,,,,,11,blue,Grant,6.028,,2017-09-07,2017-08-28,5,Apple,,,,5.587,,,,,,5b11,2017-09-29,32,C11,fly,7,12:23,,,12,blue,Ferris,6.91,,2017-09-07,2017-08-28,5,Apple,,,,6.435,,,,,,5b12,,,,,,,,,13,blue,Grant,6.713,,2017-09-07,2017-08-28,5,Apple,,,,6.475,,,,,,5b13,,,,,,,,,14,blue,Ferris,6.883,,2017-09-07,2017-08-28,5,Apple,,,,6.454,,,,,,5b14,,,,,,,,,15,blue,Grant,7.791,,2017-09-07,2017-08-28,5,Apple,,,,7.716,,,,,,5b15,,,,,,,,,16,blue,Ferris,9.272,,2017-09-07,2017-08-28,5,Apple,,,,8.389,,,,,,5b16,,,,,,,,,17,blue,Grant,6.319,,2017-09-07,2017-08-28,5,Apple,,,,2.378,,,,,looks unhealthy,5b17,,,,,,,,,18,blue,Ferris,4.443,,2017-09-07,2017-08-28,5,Apple,,,,4.214,,,,,,5b18,,,,,,,,,19,blue,Grant,7.822,,2017-09-07,2017-08-28,5,Apple,,,,7.258,,,,,,5b19,,,,,,,,,20,blue,Ferris,8.525,,2017-09-07,2017-08-28,5,Apple,,,,7.801,,,,,,5b20,,,,,,,,,21,blue,Grant,8.795,,2017-09-07,2017-08-28,5,Apple,,,,8.316,,,,,,5b21,,,,,,,,,22,blue,Ferris,13.176,,2017-09-07,2017-08-28,5,Apple,,,,9.892,,,,,,5b22,,,,,,,,,23,blue,Grant,7.643,,2017-09-07,2017-08-28,5,Apple,,,,7.243,,,,,,5b23,,,,,,,,,24,blue,Ferris,9.489,,2017-09-07,2017-08-28,5,Apple,,,,8.709,,,,,,5b24,2017-09-29,32,D3,fly,20,12:24,,,25,blue,Ferris,6.847,,2017-09-07,2017-08-28,5,Apple,,,,6.285,,,,,,5b25,,,,,,,,,26,blue,Grant,9.98,,2017-09-07,2017-08-28,5,Apple,,,,9.244,,,,,,5b26,2017-09-29,32,D5,fly,,,,,27,blue,Ferris,8.612,,2017-09-07,2017-08-28,5,Apple,,,,7.724,,,,,,5b27,,,,,,,,,28,blue,Ferris,9.104,,2017-09-07,2017-08-28,5,Apple,,,,8.183,,,,,,5b28,,,,,,,,,29,blue,Grant,6.96,,2017-09-07,2017-08-28,5,Apple,,,,6.69,,,,,,5b29,,,,,,,,,30,blue,Ferris,9.863,,2017-09-07,2017-08-28,5,Apple,,,,7.569,,,,,,5b30,,,,,,,,,31,blue,Ferris,6.26,,2017-09-07,2017-08-28,5,Apple,,,,5.759,,,,,,5b31,,,,,,,,,32,blue,Grant,5.889,,2017-09-07,2017-08-28,5,Apple,,,,5.369,,,,,,5b32,,,,,,,,,33,blue,Ferris,9.825,,2017-09-07,2017-08-28,5,Apple,,,,9.147,,,,,,5b33,,,,,,,,,34,blue,Grant,6.398,,2017-09-07,2017-08-28,5,Apple,,,,5.956,,,,,,5b34,2017-09-29,32,D9,fly,26,12:25,,,35,blue,Ferris,9.712,,2017-09-07,2017-08-28,5,Apple,,,,8.949,,,,,,5b35,,,,,,,,,36,blue,Grant,6.839,,2017-09-07,2017-08-28,5,Apple,,,,6.476,,,,,,5b36,,,,,,,,,37,blue,Ferris,7.819,,2017-09-07,2017-08-28,5,Apple,,,,7.373,,,,,,5b37,,,,,,,,,38,blue,Ferris,10.496,,2017-09-07,2017-08-28,5,Apple,,,,9.677,,,,,,5b38,,,,,,,,,39,blue,Grant,8.701,,2017-09-07,2017-08-28,5,Apple,,,,8.151,,,,,,5b39,,,,,,,,,40,blue,Ferris,9.094,,2017-09-07,2017-08-28,5,Apple,,,,8.461,,,,,,5b40,,,,,,,,,41,blue,Grant,8.921,,2017-09-07,2017-08-28,5,Apple,,,,8.336,,,,,,5b41,,,,,,,,,42,blue,Ferris,9.931,,2017-09-07,2017-08-28,5,Apple,,,,9.029,,,,,,5b42,,,,,,,,,43,blue,Ferris,8.648,,2017-09-07,2017-08-28,5,Apple,,,,7.859,,,,,,5b43,,,,,,,,,44,blue,Grant,5.831,,2017-09-07,2017-08-28,5,Apple,,,,5.474,,,,,,5b44,,,,,,,,,45,blue,Ferris,10.669,,2017-09-07,2017-08-28,5,Apple,,,,9.928,,,,,,5b45,,,,,,,,,46,blue,Grant,6.037,,2017-09-07,2017-08-28,5,Apple,,,,5.541,,,,,,5b46,,,,,,,,,47,blue,Ferris,10.565,,2017-09-07,2017-08-28,5,Apple,,,,6.583,,,,,,5b47,,,,,,,,,48,blue,Ferris,5.843,,2017-09-07,2017-08-28,5,Apple,,,,5.485,,,,,,5b48,,,,,,,,,49,blue,Grant,8.346,,2017-09-07,2017-08-28,5,Apple,,,,7.789,,,,,,5b49,,,,,,,,,50,blue,Ferris,13.039,,2017-09-07,2017-08-28,5,Apple,,,,9.891,,,,,,5b50,,,,,,,,,51,blue,Ferris,7.154,,2017-09-07,2017-08-28,5,Apple,,,,6.771,,,,,,5b51,,,,,,,,,52,blue,Grant,9.974,,2017-09-07,2017-08-28,5,Apple,,,,9.23,,,,,,5b52,,,,,,,,,53,blue,Milford,7.891,,2017-09-07,2017-08-28,5,Haw,,,,7.345,,,,,,5b53,,,,,,,,,54,blue,Ferris,10.037,,2017-09-07,2017-08-28,5,Apple,,,,9.492,,,,,,5b54,,,,,,,,,55,blue,Milford,10.513,,2017-09-07,2017-08-28,5,Haw,,,,9.842,,,,,,5b55,,,,,,,,,56,blue,Ferris,4.566,,2017-09-07,2017-08-28,5,Apple,,,,4.233,,,,,,5b56,,,,,,,,,57,blue,Grant,6.305,,2017-09-07,2017-08-28,5,Apple,,,,5.998,,,,,,5b57,,,,,,,,,58,blue,Ferris,9.655,,2017-09-07,2017-08-28,5,Apple,,,,9.249,,,,,,5b58,,,,,,,,,59,blue,Grant,5.701,,2017-09-07,2017-08-28,5,Apple,,,,4.308,,,,,,5b59,,,,,,,,,60,blue,Ferris,6.856,,2017-09-07,2017-08-28,5,Apple,,,,6.417,,,,,,5b60,,,,,,,,,61,blue,Ferris,6.457,,2017-09-07,2017-08-28,5,Apple,,,,5.949,,,,,,5b61,,,,,,,,,62,blue,Ferris,9.676,,2017-09-07,2017-08-28,5,Apple,,,,9.245,,,,,,5b62,,,,,,,,,63,blue,Grant,5.746,,2017-09-07,2017-08-28,5,Apple,,,,4.611,,,,,,5b63,,,,,,,,,64,blue,Ferris,6.818,,2017-09-07,2017-08-28,5,Apple,,,,6.511,,,,,,5b64,,,,,,,,,65,blue,Milford,12.887,,2017-09-07,2017-08-28,5,Haw,,,,11.914,,,,,,5b65,2017-09-28,31,E6,fly,28,10:11,,,66,blue,Grant,5.062,,2017-09-07,2017-08-28,5,Apple,,,,4.827,,,,,,5b66,,,,,,,,,67,blue,Ferris,11.138,,2017-09-07,2017-08-28,5,Apple,,,,10.861,,,,,,5b67,,,,,,,,,68,blue,Grant,9.854,,2017-09-07,2017-08-28,5,Apple,,,,9.446,,,,,,5b68,,,,,,,,,69,blue,Milford,8.468,,2017-09-07,2017-08-28,5,Haw,,,,8.064,,,,,,5b69,,,,,,,,,70,blue,Ferris,6.771,,2017-09-07,2017-08-28,5,Apple,,,,6.409,,,,,,5b70,,,,,,,,,71,blue,Grant,6.058,,2017-09-07,2017-08-28,5,Apple,,,,6.012,,,,,,5b71,,,,,,,,,72,blue,Ferris,6.278,,2017-09-07,2017-08-28,5,Apple,,,,5.784,,,,,,5b72,,,,,,,,,73,blue,Grant,7.02,,2017-09-07,2017-08-28,5,Apple,,,,6.251,,,,,,5b73,,,,,,,,,74,blue,Grant,3.893,,2017-09-07,2017-08-28,5,Apple,,,,3.453,,,,,,5b74,,,,,,,,,75,blue,Ferris,6.558,,2017-09-07,2017-08-28,5,Apple,,,,6.042,,,,,,5b75,,,,,,,,,76,blue,blank,,,2017-09-07,2017-08-28,5,,,,,,,,,,,5b76,,,,,,,,,77,blue,blank,,17:54,2017-09-07,2017-08-28,5,,,,,,17:13,,,,,5b77,,,,,,,,,1,white,Ferris,5.825,18:59,2017-09-12,2017-09-02,10,Apple,7000,10:22:57,0.449291,5.53,12:38,,,,,10w1,,,,,,,,,2,white,Milford,8.824,,2017-09-12,2017-09-02,10,Haw,7000,10:24:15,8.11E-02,8.163,,,,,,10w2,,,,,,,,,3,white,Grant,5.974,,2017-09-12,2017-09-02,10,Apple,7000,10:25:34,0.5449427,5.624,,,,,,10w3,,,,,,,,,4,white,Ferris,5.436,,2017-09-12,2017-09-02,10,Apple,7000,10:26:50,4.94E-02,4.494,,,,,,10w4,,,,,,,,,5,white,Ferris,10.217,,2017-09-12,2017-09-02,10,Apple,7000,10:28:14,6.67E-02,9.797,,,,,,10w5,,,,,,,,,6,white,Grant,9.271,,2017-09-12,2017-09-02,10,Apple,7000,10:29:33,6.07E-02,8.752,,,,,brown substance in syringe,10w6,,,,,,,,,7,white,Ferris,11.08,,2017-09-12,2017-09-02,10,Apple,7000,10:30:54,0.152245,10.418,,,,,,10w7,,,,,,,,,8,white,Grant,8.305,,2017-09-12,2017-09-02,10,Apple,7000,10:32:09,0.1051791,8.122,,,,,,10w8,,,,,,,,,9,white,Grant,6.672,,2017-09-12,2017-09-02,10,Apple,7000,10:33:28,8.96E-02,6.506,,,,,,10w9,,,,,,,,,10,white,Ferris,5.729,,2017-09-12,2017-09-02,10,Apple,7000,10:34:58,8.45E-02,5.524,,,,,,10w10,,,,,,,,,11,white,Grant,7.398,,2017-09-12,2017-09-02,10,Apple,7000,10:36:14,8.46E-02,6.86,,,,,,10w11,,,,,,,,,12,white,Ferris,5.436,,2017-09-12,2017-09-02,10,Apple,7000,10:37:53,5.45E-02,5.221,,,,,,10w12,2017-10-03,31,A4,fly,10,10:26,,,13,white,Ferris,7.757,,2017-09-12,2017-09-02,10,Apple,7000,10:39:26,0.4605452,7.423,,,,,,10w13,,,,,,,,,14,white,Ferris,6.491,,2017-09-12,2017-09-02,10,Apple,7000,10:40:50,1.115555,6.293,,,,,,10w14,,,,,,,,,15,white,Ferris,8.046,,2017-09-12,2017-09-02,10,Apple,7000,10:42:19,6.69E-02,7.647,,,,,,10w15,,,,,,,,,16,white,Grant,9.538,,2017-09-12,2017-09-02,10,Apple,7000,10:43:49,9.25E-02,9.045,,,,,,10w16,,,,,,,,,17,white,Milford,11.049,,2017-09-12,2017-09-02,10,Haw,7000,10:45:14,0.1119564,10.134,,,,,,10w17,,,,,,,,,18,white,Grant,6.876,,2017-09-12,2017-09-02,10,Apple,7000,10:46:32,5.98E-02,6.572,,,,,,10w18,,,,,,,,,19,white,Grant,8.051,,2017-09-12,2017-09-02,10,Apple,7000,10:48:08,5.28E-02,7.655,,,,,,10w19,,,,,,,,,20,white,Ferris,5.784,,2017-09-12,2017-09-02,10,Apple,7000,10:49:42,0.4064779,5.551,,,,,,10w20,,,,,,,,,21,white,Grant,10.787,,2017-09-12,2017-09-02,10,Apple,7000,10:51:18,0.6377373,10.074,,,,,,10w21,,,,,,,,,22,white,Grant,6.729,,2017-09-12,2017-09-02,10,Apple,7000,10:52:49,2.42E-02,6.274,,,,,,10w22,,,,,,,,,23,white,Grant,6.189,,2017-09-12,2017-09-02,10,Apple,7000,10:54:07,0.0809904,5.9,,,,,,10w23,,,,,,,,,24,white,Grant,4.855,,2017-09-12,2017-09-02,10,Apple,7000,10:55:34,7.07E-02,4.758,,,,,,10w24,,,,,,,,,25,white,Grant,4.999,,2017-09-12,2017-09-02,10,Apple,7000,10:56:54,7.26E-02,4.915,,,,,,10w25,,,,,,,,,26,white,Ferris,4.807,,2017-09-12,2017-09-02,10,Apple,7000,10:58:18,0.4221001,4.64,,,,,killed,10w26,,,,,,,,,27,white,Grant,7.202,,2017-09-12,2017-09-02,10,Apple,7000,10:59:42,8.05E-02,6.904,,,,,,10w27,,,,,,,,,28,white,Ferris,5.534,,2017-09-12,2017-09-02,10,Apple,7000,11:00:55,4.53E-02,5.164,,,,,,10w28,,,,,,,,,29,white,Grant,7.289,,2017-09-12,2017-09-02,10,Apple,7000,11:02:13,5.67E-02,6.815,,,,,,10w29,,,,,,,,,30,white,Milford,12.612,,2017-09-12,2017-09-02,10,Haw,7000,11:03:35,0.1976632,11.564,,,,,,10w30,,,,,,,,,31,white,Ferris,4.321,,2017-09-12,2017-09-02,10,Apple,7000,11:05:02,0.1332797,2.641,,,,,,10w31,,,,,,,,,32,white,Milford,11.546,,2017-09-12,2017-09-02,10,Haw,7000,11:06:21,0.1042874,10.535,,,,,,10w32,,,,,,,,,33,white,Grant,9.52,,2017-09-12,2017-09-02,10,Apple,7000,11:07:42,0.7466366,9.109,,,,,,10w33,,,,,,,,,34,white,Ferris,7.676,,2017-09-12,2017-09-02,10,Apple,7000,11:09:14,6.09E-02,7.48,,,,,,10w34,,,,,,,,,35,white,Grant,4.798,,2017-09-12,2017-09-02,10,Apple,7000,11:10:36,5.42E-02,4.594,,,,,,10w35,,,,,,,,,36,white,Grant,3.421,,2017-09-12,2017-09-02,10,Apple,7000,11:11:49,5.11E-02,3.311,,,,,,10w36,,,,,,,,,37,white,Milford,8.564,,2017-09-12,2017-09-02,10,Haw,7000,11:12:57,6.86E-02,7.907,,,,,,10w37,,,,,,,,,38,white,Grant,9.841,,2017-09-12,2017-09-02,10,Apple,7000,11:14:35,0.1070225,9.651,,,,,,10w38,,,,,,,,,39,white,Milford,8.241,,2017-09-12,2017-09-02,10,Haw,7000,11:16:19,7.03E-02,7.703,,,,,,10w39,,,,,,,,,40,white,Ferris,7.035,,2017-09-12,2017-09-02,10,Apple,7000,11:17:51,0.052362,6.676,,,,,,10w40,,,,,,,,,41,white,Ferris,6.44,,2017-09-12,2017-09-02,10,Apple,7000,11:19:13,0.0640958,5.777,,,,,,10w41,,,,,,,,,42,white,Ferris,8.138,,2017-09-12,2017-09-02,10,Apple,7000,11:20:35,6.74E-02,7.925,,,,,,10w42,,,,,,,,,43,white,Ferris,9.133,,2017-09-12,2017-09-02,10,Apple,7000,11:21:50,0.2114387,8.881,,,,,,10w43,,,,,,,,,44,white,Ferris,7.573,,2017-09-12,2017-09-02,10,Apple,7000,11:23:22,6.18E-02,7.504,,,,,,10w44,,,,,,,,,45,white,Grant,5.46,,2017-09-12,2017-09-02,10,Apple,7000,11:24:38,3.64E-02,5.205,,,,,,10w45,,,,,,,,,46,white,Milford,11.512,,2017-09-12,2017-09-02,10,Haw,7000,11:25:54,0.3140071,10.791,,,,,,10w46,,,,,,,,,47,white,Ferris,7.277,,2017-09-12,2017-09-02,10,Apple,7000,11:27:21,9.03E-02,6.959,,,,,,10w47,,,,,,,,,48,white,Grant,6.804,,2017-09-12,2017-09-02,10,Apple,7000,11:28:35,4.67E-02,6.535,,,,,,10w48,,,,,,,,,49,white,Grant,6.624,,2017-09-12,2017-09-02,10,Apple,7000,11:29:51,0.7747632,6.162,,,,,syringe dirty,10w49,,,,,,,,,50,white,Ferris,9.493,,2017-09-12,2017-09-02,10,Apple,7000,11:31:17,9.96E-02,8.877,,,,,,10w50,,,,,,,,,51,white,Ferris,10.269,,2017-09-12,2017-09-02,10,Apple,7000,11:32:35,0.5536874,9.638,,,,,,10w51,,,,,,,,,52,white,Grant,5.568,,2017-09-12,2017-09-02,10,Apple,7000,11:34:02,7.12E-02,5.287,,,,,,10w52,,,,,,,,,53,white,Grant,7.381,,2017-09-12,2017-09-02,10,Apple,7000,11:35:37,0.5479736,6.962,,,,,,10w53,,,,,,,,,54,white,Ferris,5.973,,2017-09-12,2017-09-02,10,Apple,7000,11:37:05,0.3376071,5.536,,,,,,10w54,,,,,,,,,55,white,Ferris,8.125,,2017-09-12,2017-09-02,10,Apple,7000,11:38:30,0.0537255,7.946,,,,,,10w55,,,,,,,,,56,white,Ferris,8.226,,2017-09-12,2017-09-02,10,Apple,7000,11:39:50,4.36E-02,7.693,,,,,,10w56,,,,,,,,,57,white,Ferris,6.308,,2017-09-12,2017-09-02,10,Apple,7000,11:41:19,6.69E-02,5.878,,,,,,10w57,,,,,,,,,58,white,Milford,12.806,,2017-09-12,2017-09-02,10,Haw,7000,11:42:41,0.4945533,11.809,,,,,,10w58,,,,,,,,,59,white,Ferris,4.347,,2017-09-12,2017-09-02,10,Apple,7000,11:44:06,0.3408822,4.181,,,,,,10w59,,,,,,,,,60,white,Milford,8.411,,2017-09-12,2017-09-02,10,Haw,7000,11:45:22,6.36E-02,7.654,,,,,killed,10w60,,,,,,,,,61,white,Ferris,4.461,,2017-09-12,2017-09-02,10,Apple,7000,11:49:18,0.100513,4.377,,,,,,10w61,,,,,,,,,62,white,Ferris,6.98,,2017-09-12,2017-09-02,10,Apple,7000,11:50:42,5.38E-02,6.818,,,,,,10w62,,,,,,,,,63,white,Ferris,7.376,,2017-09-12,2017-09-02,10,Apple,7000,11:52:09,8.33E-02,6.813,,,,,,10w63,,,,,,,,,64,white,Grant,9.447,,2017-09-12,2017-09-02,10,Apple,7000,11:53:28,8.22E-02,8.873,,,,,,10w64,,,,,,,,,65,white,Ferris,8.86,,2017-09-12,2017-09-02,10,Apple,7000,11:54:47,8.63E-02,8.642,,,,,,10w65,,,,,,,,,66,white,Grant,4.324,,2017-09-12,2017-09-02,10,Apple,7000,11:55:59,0.303327,4.156,,,,,,10w66,,,,,,,,,67,white,Grant,9.318,,2017-09-12,2017-09-02,10,Apple,7000,11:57:23,5.40E-02,8.561,,,,,,10w67,,,,,,,,,68,white,Milford,7.926,,2017-09-12,2017-09-02,10,Haw,7000,11:58:39,9.81E-02,7.368,,,,,,10w68,,,,,,,,,69,white,Grant,5.163,,2017-09-12,2017-09-02,10,Apple,7000,12:00:00,6.20E-02,5.101,,,,,,10w69,,,,,,,,,70,white,Ferris,11.415,,2017-09-12,2017-09-02,10,Apple,7000,12:01:16,0.7161068,10.764,,,,,,10w70,,,,,,,,,71,white,Grant,5.979,,2017-09-12,2017-09-02,10,Apple,7000,12:02:24,0.1017159,5.822,,,,,,10w71,,,,,,,,,72,white,Grant,6.666,,2017-09-12,2017-09-02,10,Apple,7000,12:04:02,5.70E-02,2.265,,,,,smushed by purging ,10w72,,,,,,,,,73,white,Grant,7.782,,2017-09-12,2017-09-02,10,Apple,7000,12:05:37,9.61E-02,7.318,,,,,,10w73,2017-10-02,30,C6,fly,29,11:23,,,74,white,Milford,11.997,,2017-09-12,2017-09-02,10,Haw,7000,12:07:18,5.71E-02,11.161,,,,,,10w74,,,,,,,,,75,white,Grant,8.53,,2017-09-12,2017-09-02,10,Apple,7000,12:08:36,7.45E-02,8.014,,,,,,10w75,,,,,,,,,76,white,Grant,7.113,,2017-09-12,2017-09-02,10,Apple,7000,12:09:52,0.1220091,6.854,,,,,,10w76,,,,,,,,,77,white,blank,,,2017-09-12,2017-09-02,10,Apple,7000,12:11:22,0.4729097,,,,,,,10w77,,,,,,,,,78,white,blank,,19:22,2017-09-12,2017-09-02,10,Apple,7000,12:12:53,9.21E-03,,12:49,,,,,10w78,,,,,,,,,1,orange,Ferris,7.1,19:23,2017-09-12,2017-09-02,10,Apple,6262,12:14:04,7.36E-02,6.514,12:07,,,,,10o1,,,,,,,,,2,orange,Grant,7.708,,2017-09-12,2017-09-02,10,Apple,6262,10:24:15,0.8699997,7.301,,,,,,10o2,,,,,,,,,3,orange,Grant,7.321,,2017-09-12,2017-09-02,10,Apple,6262,10:25:34,0.1100051,6.886,,,,,,10o3,,,,,,,,,4,orange,Ferris,5.595,,2017-09-12,2017-09-02,10,Apple,6262,10:26:50,0.7083061,5.319,,,,,,10o4,,,,,,,,,5,orange,Grant,6.767,,2017-09-12,2017-09-02,10,Apple,6262,10:28:14,0.1355231,6.694,,,,,,10o5,,,,,,,,,6,orange,Ferris,7.02,,2017-09-12,2017-09-02,10,Apple,6262,10:29:33,0.2721819,6.602,,,,,,10o6,,,,,,,,,7,orange,Milford,10.81,,2017-09-12,2017-09-02,10,Haw,6262,10:30:54,0.1857121,9.946,,,,,,10o7,,,,,,,,,8,orange,Grant,8.745,,2017-09-12,2017-09-02,10,Apple,6262,10:32:09,9.28E-02,8.255,,,,,,10o8,,,,,,,,,9,orange,Grant,6.8,,2017-09-12,2017-09-02,10,Apple,6262,10:33:28,0.2216317,6.567,,,,,,10o9,,,,,,,,,10,orange,Milford,7.455,,2017-09-12,2017-09-02,10,Haw,6262,10:34:58,0.1349178,6.881,,,,,,10o10,,,,,,,,,11,orange,Milford,7.662,,2017-09-12,2017-09-02,10,Haw,6262,10:36:14,0.8451345,7.013,,,,,,10o11,,,,,,,,,12,orange,Grant,4.612,,2017-09-12,2017-09-02,10,Apple,6262,10:37:53,0.7491088,4.495,,,,,,10o12,,,,,,,,,13,orange,Grant,7.145,,2017-09-12,2017-09-02,10,Apple,6262,10:39:26,0.1055524,6.581,,,,,,10o13,,,,,,,,,14,orange,Ferris,5.122,,2017-09-12,2017-09-02,10,Apple,6262,10:40:50,0.1198914,1.95,,,,,fungus ,10o14,,,,,,,,,15,orange,Ferris,9.294,,2017-09-12,2017-09-02,10,Apple,6262,10:42:19,0.1679324,8.946,,,,,,10o15,,,,,,,,,16,orange,Ferris,10.083,,2017-09-12,2017-09-02,10,Apple,6262,10:43:49,0.1599401,9.621,,,,,,10o16,,,,,,,,,17,orange,Grant,9.354,,2017-09-12,2017-09-02,10,Apple,6262,10:45:14,0.2146864,8.978,,,,,,10o17,,,,,,,,,18,orange,Ferris,10.37,,2017-09-12,2017-09-02,10,Apple,6262,10:46:32,0.8020278,9.915,,,,,,10o18,,,,,,,,,19,orange,Grant,7.387,,2017-09-12,2017-09-02,10,Apple,6262,10:48:08,0.1465696,7.128,,,,,,10o19,,,,,,,,,20,orange,Ferris,8.431,,2017-09-12,2017-09-02,10,Apple,6262,10:49:42,0.8006555,8.015,,,,,,10o20,,,,,,,,,21,orange,Grant,11.075,,2017-09-12,2017-09-02,10,Apple,6262,10:51:18,0.19453,10.502,,,,,,10o21,,,,,,,,,22,orange,Ferris,6.728,,2017-09-12,2017-09-02,10,Apple,6262,10:52:49,0.1509367,6.404,,,,,,10o22,,,,,,,,,23,orange,Ferris,7.567,,2017-09-12,2017-09-02,10,Apple,6262,10:54:07,0.2233115,7.368,,,,,,10o23,,,,,,,,,24,orange,Grant,7.804,,2017-09-12,2017-09-02,10,Apple,6262,10:55:34,0.1408666,7.526,,,,,,10o24,,,,,,,,,25,orange,Ferris,9.498,,2017-09-12,2017-09-02,10,Apple,6262,10:56:54,0.1223689,9.125,,,,,,10o25,,,,,,,,,26,orange,Grant,6.348,,2017-09-12,2017-09-02,10,Apple,6262,10:58:18,0.1379487,6.071,,,,,,10o26,,,,,,,,,27,orange,Grant,4.549,,2017-09-12,2017-09-02,10,Apple,6262,10:59:42,0.1188518,4.272,,,,,,10o27,,,,,,,,,28,orange,Milford,7.649,,2017-09-12,2017-09-02,10,Haw,6262,11:00:55,0.101368,7.076,,,,,,10o28,,,,,,,,,29,orange,Grant,6.549,,2017-09-12,2017-09-02,10,Apple,6262,11:02:13,0.1073508,6.284,,,,,,10o29,,,,,,,,,30,orange,Grant,6.453,,2017-09-12,2017-09-02,10,Apple,6262,11:03:35,0.1573379,3.596,,,,,,10o30,,,,,,,,,31,orange,MSU,10.736,,2017-09-12,2017-09-02,10,Apple,6262,11:05:02,0.2453197,10.202,,,,,,10o31,,,,,,,,,32,orange,Ferris,11.718,,2017-09-12,2017-09-02,10,Apple,6262,11:06:21,0.2068514,11.129,,,,,,10o32,,,,,,,,,33,orange,Ferris,11.811,,2017-09-12,2017-09-02,10,Apple,6262,11:07:42,0.174367,10.896,,,,,,10o33,,,,,,,,,34,orange,Grant,6.584,,2017-09-12,2017-09-02,10,Apple,6262,11:09:14,0.1853507,6.405,,,,,,10o34,,,,,,,,,35,orange,Ferris,5.763,,2017-09-12,2017-09-02,10,Apple,6262,11:10:36,8.55E-02,5.552,,,,,,10o35,,,,,,,,,36,orange,Milford,8.045,,2017-09-12,2017-09-02,10,Apple,6262,11:11:49,5.46E-02,7.457,,,,,,10o36,,,,,,,,,37,orange,Ferris,8.346,,2017-09-12,2017-09-02,10,Apple,6262,11:12:57,0.882783,8.064,,,,,,10o37,,,,,,,,,38,orange,Grant,6.857,,2017-09-12,2017-09-02,10,Apple,6262,11:14:35,1.071714,6.481,,,,,,10o38,,,,,,,,,39,orange,Ferris,5.249,,2017-09-12,2017-09-02,10,Apple,6262,11:16:19,0.1363504,5.191,,,,,,10o39,,,,,,,,,40,orange,Milford,8.343,,2017-09-12,2017-09-02,10,Haw,6262,11:17:51,9.86E-02,7.792,,,,,,10o40,,,,,,,,,41,orange,Grant,8.346,,2017-09-12,2017-09-02,10,Apple,6262,11:19:13,8.52E-02,8.236,,,,,,10o41,,,,,,,,,42,orange,Ferris,6.734,,2017-09-12,2017-09-02,10,Apple,6262,11:20:35,0.1239738,6.391,,,,,,10o42,,,,,,,,,43,orange,Grant,6.668,,2017-09-12,2017-09-02,10,Apple,6262,11:21:50,1.111987,6.433,,,,,,10o43,,,,,,,,,44,orange,Ferris,9.83,,2017-09-12,2017-09-02,10,Apple,6262,11:23:22,0.1253602,9.727,,,,,,10o44,,,,,,,,,45,orange,Ferris,5.691,,2017-09-12,2017-09-02,10,Apple,6262,11:24:38,0.1475669,5.405,,,,,,10o45,,,,,,,,,46,orange,Ferris,3.476,,2017-09-12,2017-09-02,10,Apple,6262,11:25:54,0.2168031,3.376,,,,,,10o46,2017-10-02,30,E6,fly,15,11:22,,,47,orange,Ferris,6.313,,2017-09-12,2017-09-02,10,Apple,6262,11:27:21,0.1064219,5.991,,,,,,10o47,,,,,,,,,48,orange,Grant,5.27,,2017-09-12,2017-09-02,10,Apple,6262,11:28:35,0.1043636,5.052,,,,,,10o48,,,,,,,,,49,orange,Milford,10.347,,2017-09-12,2017-09-02,10,Haw,6262,11:29:51,0.1072915,9.601,,,,,,10o49,2017-10-03,31,E7,fly,2,10:24,,,50,orange,Ferris,10.6,,2017-09-12,2017-09-02,10,Apple,6262,11:31:17,0.1701728,10.073,,,,,,10o50,,,,,,,,,51,orange,Grant,6.388,,2017-09-12,2017-09-02,10,Apple,6262,11:32:35,0.1288258,6.21,,,,,,10o51,,,,,,,,,52,orange,Grant,11.221,,2017-09-12,2017-09-02,10,Apple,6262,11:34:02,0.8314443,10.532,,,,,,10o52,,,,,,,,,53,orange,Ferris,6.913,,2017-09-12,2017-09-02,10,Apple,6262,11:35:37,0.1178385,6.42,,,,,,10o53,,,,,,,,,54,orange,Grant,8.465,,2017-09-12,2017-09-02,10,Apple,6262,11:37:05,0.0717398,4.414,,,,,,10o54,,,,,,,,,55,orange,Grant,5.61,,2017-09-12,2017-09-02,10,Apple,6262,11:38:30,0.1455579,5.491,,,,,lost,10o55,,,,,,,,,56,orange,Milford,6.305,,2017-09-12,2017-09-02,10,Haw,6262,11:39:50,0.1664847,5.818,,,,,,10o56,,,,,,,,,57,orange,Ferris,5.945,,2017-09-12,2017-09-02,10,Apple,6262,11:41:19,0.1298918,5.653,,,,,,10o57,,,,,,,,,58,orange,Grant,5.246,,2017-09-12,2017-09-02,10,Apple,6262,11:42:41,0.1475673,4.286,,,,,,10o58,,,,,,,,,59,orange,Ferris,5.868,,2017-09-12,2017-09-02,10,Apple,6262,11:44:06,7.52E-02,4.164,,,,,,10o59,,,,,,,,,60,orange,Milford,7.632,,2017-09-12,2017-09-02,10,Haw,6262,11:45:22,1.076296,7.087,,,,,,10o60,,,,,,,,,61,orange,Grant,7.432,,2017-09-12,2017-09-02,10,Apple,6262,11:49:18,0.100513,7.015,,,,,,10o61,,,,,,,,,62,orange,Ferris,5.905,,2017-09-12,2017-09-02,10,Apple,6262,11:50:42,5.38E-02,5.764,,,,,,10o62,,,,,,,,,63,orange,Ferris,7.104,,2017-09-12,2017-09-02,10,Apple,6262,11:52:09,8.33E-02,6.644,,,,,,10o63,,,,,,,,,64,orange,Milford,11.661,,2017-09-12,2017-09-02,10,Haw,6262,11:53:28,8.22E-02,10.87,,,,,,10o64,,,,,,,,,65,orange,Ferris,6.984,,2017-09-12,2017-09-02,10,Apple,6262,11:54:47,8.63E-02,6.538,,,,,,10o65,,,,,,,,,66,orange,Ferris,5.66,,2017-09-12,2017-09-02,10,Apple,6262,11:55:59,0.303327,5.343,,,,,,10o66,,,,,,,,,67,orange,Grant,6.214,,2017-09-12,2017-09-02,10,Apple,6262,11:57:23,5.40E-02,6.027,,,,,,10o67,,,,,,,,,68,orange,Milford,10.933,,2017-09-12,2017-09-02,10,Haw,6262,11:58:39,9.81E-02,10.388,,,,,,10o68,,,,,,,,,69,orange,Ferris,5.511,,2017-09-12,2017-09-02,10,Apple,6262,12:00:00,6.20E-02,5.418,,,,,,10o69,,,,,,,,,70,orange,Grant,8.597,,2017-09-12,2017-09-02,10,Apple,6262,12:01:16,0.7161068,8.212,,,,,,10o70,,,,,,,,,71,orange,Ferris,7.156,,2017-09-12,2017-09-02,10,Apple,6262,12:02:24,0.1017159,6.875,,,,,,10o71,,,,,,,,,72,orange,Grant,6.371,,2017-09-12,2017-09-02,10,Apple,6262,12:04:02,5.70E-02,6.314,,,,,,10o72,,,,,,,,,73,orange,Grant,5.459,,2017-09-12,2017-09-02,10,Apple,6262,12:05:37,9.61E-02,5.388,,,,,syringe dirty ,10o73,,,,,,,,,74,orange,Grant,6.884,,2017-09-12,2017-09-02,10,Apple,6262,12:07:18,5.71E-02,6.575,,,,,killed,10o74,,,,,,,,,75,orange,Ferris,9.26,,2017-09-12,2017-09-02,10,Apple,6262,12:08:36,7.45E-02,8.772,,,,,,10o75,,,,,,,,,76,orange,Ferris,9.19,,2017-09-12,2017-09-02,10,Apple,6262,12:09:52,0.1220091,8.137,,,,,,10o76,,,,,,,,,77,orange,Grant,5.398,,2017-09-12,2017-09-02,10,Apple,6262,12:11:22,0.4729097,5.134,,,,,,10o77,,,,,,,,,78,orange,Blank, ,,2017-09-12,2017-09-02,10,Apple,6262,12:12:53,9.21E-03,,,,,,,10o78,,,,,,,,,79,orange,Blank,,19:49,2017-09-12,2017-09-02,10,Apple,6262,12:14:04,1.01E-02,,12:38,,,,,10o79,,,,,,,,,1,white,Milford,9.1,13:43,2017-09-13,2017-09-03,11,Haw,7000,8:52:12,0.1159552,8.659,6:07,,,,,11w1,,,,,,,,,2,white,Grant,6.851,,2017-09-13,2017-09-03,11,Apple,7000,8:53:31,0.4446692,6.19,,,,,,11w2,,,,,,,,,3,white,Ferris,6.44,,2017-09-13,2017-09-03,11,Apple,7000,8:54:52,9.11E-02,6.065,,,,,,11w3,,,,,,,,,4,white,Grant,5.984,,2017-09-13,2017-09-03,11,Apple,7000,8:56:06,0.1900965,3.333,,,,,,11w4,,,,,,,,,5,white,Ferris,7.227,,2017-09-13,2017-09-03,11,Apple,7000,8:57:17,9.73E-02,6.935,,,,,,11w5,,,,,,,,,6,white,Grant,8.392,,2017-09-13,2017-09-03,11,Apple,7000,8:58:29,0.6656961,7.61,,,,,,11w6,,,,,,,,,7,white,Grant,8.208,,2017-09-13,2017-09-03,11,Apple,7000,8:59:50,0.0620579,7.489,,,,,,11w7,,,,,,,,,8,white,Ferris,9.539,,2017-09-13,2017-09-03,11,Apple,7000,9:01:17,0.1417299,8.854,,,,,,11w8,,,,,,,,,9,white,Milford,8.893,,2017-09-13,2017-09-03,11,Haw,7000,9:02:45,7.66E-02,8.784,,,,,,11w9,,,,,,,,,10,white,Ferris,10.874,,2017-09-13,2017-09-03,11,Apple,7000,9:04:12,0.1649783,10.16,,,,,,11w10,,,,,,,,,11,white,Ferris,5.635,,2017-09-13,2017-09-03,11,Apple,7000,9:05:35,0.0790992,5.283,,,,,,11w11,,,,,,,,,12,white,Grant,4.227,,2017-09-13,2017-09-03,11,Apple,7000,9:07:07,7.87E-02,3.87,,,,,,11w12,,,,,,,,,13,white,Ferris,8.04,,2017-09-13,2017-09-03,11,Apple,7000,9:08:22,0.1333534,7.596,,,,,,11w13,,,,,,,,,14,white,Grant,4.752,,2017-09-13,2017-09-03,11,Apple,7000,9:09:33,0.6284224,3.768,,,,,,11w14,,,,,,,,,15,white,Grant,4.495,,2017-09-13,2017-09-03,11,Apple,7000,9:10:59,0.787115,3.076,,,,,,11w15,,,,,,,,,16,white,Ferris,7.615,,2017-09-13,2017-09-03,11,Apple,7000,9:12:25,7.43E-02,7.1,,,,,,11w16,,,,,,,,,17,white,Grant,4.574,,2017-09-13,2017-09-03,11,Apple,7000,9:13:34,5.62E-02,4.189,,,,,,11w17,,,,,,,,,18,white,Grant,11.178,,2017-09-13,2017-09-03,11,Apple,7000,9:15:00,0.7986168,10.228,,,,,,11w18,,,,,,,,,19,white,Milford,8.474,,2017-09-13,2017-09-03,11,Haw,7000,9:16:30,0.1228998,7.977,,,,,,11w19,,,,,,,,,20,white,Grant,5.584,,2017-09-13,2017-09-03,11,Apple,7000,9:18:10,0.1244598,3.67,,,,,,11w20,,,,,,,,,21,white,Ferris,9.277,,2017-09-13,2017-09-03,11,Apple,7000,9:19:29,8.03E-02,8.615,,,,,,11w21,,,,,,,,,22,white,Grant,6.783,,2017-09-13,2017-09-03,11,Apple,7000,9:20:59,0.1076663,6.326,,,,,,11w22,,,,,,,,,23,white,Ferris,10.419,,2017-09-13,2017-09-03,11,Apple,7000,9:22:14,8.43E-02,9.687,,,,,,11w23,,,,,,,,,24,white,Grant,4.604,,2017-09-13,2017-09-03,11,Apple,7000,9:23:33,0.4430076,4.254,,,,,,11w24,,,,,,,,,25,white,Ferris,6.791,,2017-09-13,2017-09-03,11,Apple,7000,9:24:53,0.1126874,6.43,,,,,,11w25,,,,,,,,,26,white,Ferris,11.273,,2017-09-13,2017-09-03,11,Apple,7000,9:26:24,0.1327006,10.561,,,,,,11w26,,,,,,,,,27,white,MSU,7.466,,2017-09-13,2017-09-03,11,Apple,7000,9:27:55,0.1711991,5.982,,,,,,11w27,,,,,,,,,28,white,Grant,8.01,,2017-09-13,2017-09-03,11,Apple,7000,9:29:11,0.5797173,6.777,,,,,,11w28,,,,,,,,,29,white,Grant,7.587,,2017-09-13,2017-09-03,11,Apple,7000,9:30:30,7.92E-02,7.447,,,,,,11w29,,,,,,,,,30,white,Grant,9.235,,2017-09-13,2017-09-03,11,Apple,7000,9:31:52,0.2756887,8.694,,,,,,11w30,,,,,,,,,31,white,Grant,5.897,,2017-09-13,2017-09-03,11,Apple,7000,9:33:23,9.46E-02,5.717,,,,,,11w31,2017-10-03,32,B3,fly,11,10:31,,,32,white,Blank,,,2017-09-13,2017-09-03,11,Apple,7000,9:34:28,2.10E-02,,,,,,,11w32,,,,,,,,,33,white,Blank,,,2017-09-13,2017-09-03,11,Apple,7000,9:36:02,1.77E-02,,,,,,,11w33,,,,,,,,,34,white,Grant,9.491,,2017-09-13,2017-09-03,11,Apple,7000,9:37:15,0.6840302,,,,,,dead,11w34,,,,,,,,,35,white,Milford,12.501,,2017-09-13,2017-09-03,11,Haw,7000,9:38:40,0.1549642,11.927,,,,,,11w35,,,,,,,,,36,white,Grant,7.356,,2017-09-13,2017-09-03,11,Apple,7000,9:40:23,0.1845995,6.992,,,,,,11w36,,,,,,,,,37,white,Grant,9.666,,2017-09-13,2017-09-03,11,Apple,7000,9:41:32,0.1163214,8.783,,,,,,11w37,,,,,,,,,38,white,Ferris,9.884,,2017-09-13,2017-09-03,11,Apple,7000,9:42:47,7.73E-02,9.424,,,,,,11w38,,,,,,,,,39,white,Grant,6.768,,2017-09-13,2017-09-03,11,Apple,7000,9:44:02,0.5076222,6.196,,,,,,11w39,,,,,,,,,40,white,Grant,10.02,,2017-09-13,2017-09-03,11,Apple,7000,9:45:34,1.704165,,,,,,dead,11w40,,,,,,,,,41,white,Milford,12.7,,2017-09-13,2017-09-03,11,Haw,7000,9:47:04,0.1405057,12.163,,,,,,11w41,,,,,,,,,42,white,Grant,7.166,,2017-09-13,2017-09-03,11,Apple,7000,9:48:33,0.6490608,6.631,,,,,,11w42,,,,,,,,,43,white,Grant,8.298,,2017-09-13,2017-09-03,11,Apple,7000,9:50:13,0.1570738,7.868,,,,,,11w43,,,,,,,,,44,white,Grant,7.298,,2017-09-13,2017-09-03,11,Apple,7000,9:51:47,9.72E-02,6.806,,,,,,11w44,,,,,,,,,45,white,Grant,7.912,,2017-09-13,2017-09-03,11,Apple,7000,9:53:04,0.1064706,7.804,,,,,,11w45,,,,,,,,,46,white,Grant,10.087,,2017-09-13,2017-09-03,11,Apple,7000,9:54:34,0.1584217,9.535,,,,,,11w46,,,,,,,,,47,white,MSU,4.394,,2017-09-13,2017-09-03,11,Apple,7000,9:55:54,6.50E-02,4.08,,,,,,11w47,,,,,,,,,48,white,Grant,7.5,,2017-09-13,2017-09-03,11,Apple,7000,9:57:09,9.30E-02,7.036,,,,,,11w48,,,,,,,,,49,white,Grant,6.572,,2017-09-13,2017-09-03,11,Apple,7000,9:58:14,0.5818702,6.17,,,,,,11w49,,,,,,,,,50,white,Grant,6.179,,2017-09-13,2017-09-03,11,Apple,7000,9:59:26,0.501882,5.636,,,,,,11w50,,,,,,,,,51,white,Ferris,8.708,,2017-09-13,2017-09-03,11,Apple,7000,10:00:40,0.0963096,8.347,,,,,,11w51,,,,,,,,,52,white,Grant,10.81,,2017-09-13,2017-09-03,11,Apple,7000,10:02:06,0.1332493,9.986,,,,,,11w52,,,,,,,,,53,white,Ferris,7.485,,2017-09-13,2017-09-03,11,Apple,7000,10:03:31,0.3830319,6.921,,,,,,11w53,,,,,,,,,54,white,Grant,7.294,,2017-09-13,2017-09-03,11,Apple,7000,10:05:01,0.7619376,6.639,,,,,,11w54,,,,,,,,,55,white,Ferris,6.818,,2017-09-13,2017-09-03,11,Apple,7000,10:06:23,0.1806873,6.47,,,,,looks dead,11w55,,,,,,,,,56,white,Grant,9.138,,2017-09-13,2017-09-03,11,Apple,7000,10:07:40,0.4667558,8.293,,,,,,11w56,,,,,,,,,57,white,Milford,9.487,,2017-09-13,2017-09-03,11,Haw,7000,10:08:54,0.1037717,8.902,,,,,,11w57,,,,,,,,,58,white,Grant,7.921,,2017-09-13,2017-09-03,11,Apple,7000,10:10:08,3.37E-02,,,,,,dead,11w58,,,,,,,,,59,white,Ferris,7.591,,2017-09-13,2017-09-03,11,Apple,7000,10:11:15,0.1029123,7.434,,,,,,11w59,,,,,,,,,60,white,Grant,7.766,,2017-09-13,2017-09-03,11,Apple,7000,10:12:31,0.724691,7.225,,,,,,11w60,,,,,,,,,61,white,Grant,5.758,,2017-09-13,2017-09-03,11,Apple,7000,10:13:46,0.6385793,5.457,,,,,,11w61,,,,,,,,,62,white,Milford,14.554,,2017-09-13,2017-09-03,11,Haw,7000,10:15:01,0.4751346,4.631,,,,,looks dead,11w62,,,,,,,,,63,white,Grant,7.662,,2017-09-13,2017-09-03,11,Apple,7000,10:16:23,0.1257805,7.412,,,,,,11w63,,,,,,,,,64,white,Ferris,3.979,,2017-09-13,2017-09-03,11,Apple,7000,10:19:19,0.0638925,3.831,,,,,,11w64,,,,,,,,,65,white,Grant,6.074,,2017-09-13,2017-09-03,11,Apple,7000,10:20:31,7.31E-02,5.866,,,,,,11w65,,,,,,,,,66,white,Grant,7.537,,2017-09-13,2017-09-03,11,Apple,7000,10:21:49,0.0923292,7.023,,,,,,11w66,,,,,,,,,67,white,Grant,9.929,,2017-09-13,2017-09-03,11,Apple,7000,10:22:57,0.8565629,9.329,,,,,,11w67,,,,,,,,,68,white,Grant,5.255,,2017-09-13,2017-09-03,11,Apple,7000,10:24:20,8.34E-02,4.538,,,,,,11w68,,,,,,,,,70,white,Ferris,7.062,,2017-09-13,2017-09-03,11,Apple,7000,10:25:33,9.94E-02,,,,,,,11w70,,,,,,,,,72,white,Milford,11.687,14:04,2017-09-13,2017-09-03,11,Haw,7000,10:26:40,1.057444,10.978,6:23,,,,,11w72,,,,,,,,,1,orange,Ferris,6.559,14:04,2017-09-13,2017-09-03,11,Apple,6262,8:52:12,0.1609749,6.256,6:24,,,,,11o1,,,,,,,,,2,orange,Grant,5.582,,2017-09-13,2017-09-03,11,Apple,6262,8:53:31,0.3282166,4.043,,,,,,11o2,,,,,,,,,3,orange,Milford,10.894,,2017-09-13,2017-09-03,11,Haw,6262,8:54:52,0.1265682,10.399,,,,,,11o3,,,,,,,,,4,orange,Ferris,10.543,,2017-09-13,2017-09-03,11,Apple,6262,8:56:06,0.1505362,9.697,,,,,,11o4,,,,,,,,,5,orange,Grant,13.039,,2017-09-13,2017-09-03,11,Apple,6262,8:57:17,0.1779981,11.831,,,,,,11o5,,,,,,,,,6,orange,MSU,7.268,,2017-09-13,2017-09-03,11,Apple,6262,8:58:29,0.1163382,6.722,,,,,,11o6,,,,,,,,,7,orange,Grant,5.298,,2017-09-13,2017-09-03,11,Apple,6262,8:59:50,0.877844,4.784,,,,,,11o7,,,,,,,,,8,orange,Ferris,9.792,,2017-09-13,2017-09-03,11,Apple,6262,9:01:17,0.2501335,9.234,,,,,,11o8,,,,,,,,,9,orange,Grant,8.387,,2017-09-13,2017-09-03,11,Apple,6262,9:02:45,0.1836253,7.979,,,,,,11o9,,,,,,,,,10,orange,Grant,10.258,,2017-09-13,2017-09-03,11,Apple,6262,9:04:12,0.3130915,9.636,,,,,,11o10,,,,,,,,,11,orange,Ferris,6.456,,2017-09-13,2017-09-03,11,Apple,6262,9:05:35,1.056176,6.037,,,,,,11o11,,,,,,,,,12,orange,Grant,6.899,,2017-09-13,2017-09-03,11,Apple,6262,9:07:07,0.2041814,6.257,,,,,,11o12,,,,,,,,,13,orange,Ferris,10.284,,2017-09-13,2017-09-03,11,Apple,6262,9:08:22,0.16727,10.059,,,,,,11o13,,,,,,,,,14,orange,Milford,8.958,,2017-09-13,2017-09-03,11,Haw,6262,9:09:33,0.1904855,8.428,,,,,,11o14,,,,,,,,,15,orange,Ferris,5.465,,2017-09-13,2017-09-03,11,Apple,6262,9:10:59,0.7832538,5.068,,,,,,11o15,,,,,,,,,16,orange,Grant,10.275,,2017-09-13,2017-09-03,11,Apple,6262,9:12:25,0.1709621,9.65,,,,,,11o16,,,,,,,,,17,orange,Ferris,3.825,,2017-09-13,2017-09-03,11,Apple,6262,9:13:34,0.6465281,3.72,,,,,,11o17,,,,,,,,,18,orange,Ferris,6.4,,2017-09-13,2017-09-03,11,Apple,6262,9:15:00,0.1980375,6.071,,,,,,11o18,,,,,,,,,19,orange,Grant,7.801,,2017-09-13,2017-09-03,11,Apple,6262,9:16:30,1.07282,7.375,,,,,,11o19,,,,,,,,,20,orange,Milford,5.759,,2017-09-13,2017-09-03,11,Haw,6262,9:18:10,0.2101286,5.338,,,,,,11o20,,,,,,,,,21,orange,Ferris,7.82,,2017-09-13,2017-09-03,11,Apple,6262,9:19:29,1.048849,7.007,,,,,,11o21,,,,,,,,,22,orange,Grant,4.399,,2017-09-13,2017-09-03,11,Apple,6262,9:20:59,0.1430722,4.011,,,,,,11o22,,,,,,,,,23,orange,Ferris,6.677,,2017-09-13,2017-09-03,11,Apple,6262,9:22:14,0.1215016,6.261,,,,,,11o23,,,,,,,,,24,orange,Ferris,5.067,,2017-09-13,2017-09-03,11,Apple,6262,9:23:33,0.1114044,4.88,,,,,,11o24,,,,,,,,,25,orange,Ferris,6.087,,2017-09-13,2017-09-03,11,Apple,6262,9:24:53,0.9240882,5.874,,,,,,11o25,,,,,,,,,26,orange,Ferris,6.949,,2017-09-13,2017-09-03,11,Apple,6262,9:26:24,0.9348325,6.47,,,,,,11o26,,,,,,,,,27,orange,Milford,10.807,,2017-09-13,2017-09-03,11,Haw,6262,9:27:55,0.2263707,10.128,,,,,,11o27,,,,,,,,,28,orange,Ferris,10.291,,2017-09-13,2017-09-03,11,Apple,6262,9:29:11,0.1229622,9.897,,,,,,11o28,,,,,,,,,29,orange,Grant,6.968,,2017-09-13,2017-09-03,11,Apple,6262,9:30:30,0.2096311,6.487,,,,,,11o29,,,,,,,,,30,orange,Ferris,9.318,,2017-09-13,2017-09-03,11,Apple,6262,9:31:52,1.234325,9.067,,,,,,11o30,,,,,,,,,31,orange,Milford,8.198,,2017-09-13,2017-09-03,11,Haw,6262,9:33:23,0.1226686,8.014,,,,,,11o31,,,,,,,,,32,orange,Grant,7.467,,2017-09-13,2017-09-03,11,Apple,6262,9:34:28,0.9797774,6.733,,,,,,11o32,,,,,,,,,33,orange,Ferris,7.565,,2017-09-13,2017-09-03,11,Apple,6262,9:36:02,0.1505968,7.002,,,,,,11o33,,,,,,,,,34,orange,Ferris,10.77,,2017-09-13,2017-09-03,11,Apple,6262,9:37:15,0.1477637,10.192,,,,,,11o34,,,,,,,,,35,orange,Grant,7.017,,2017-09-13,2017-09-03,11,Apple,6262,9:38:40,1.142109,6.523,,,,,,11o35,,,,,,,,,36,orange,Ferris,6.482,,2017-09-13,2017-09-03,11,Apple,6262,9:40:23,0.1376713,5.991,,,,,,11o36,,,,,,,,,37,orange,Milford,12.524,,2017-09-13,2017-09-03,11,Haw,6262,9:41:32,0.1532031,11.783,,,,,,11o37,,,,,,,,,38,orange,Ferris,6.892,,2017-09-13,2017-09-03,11,Apple,6262,9:42:47,9.08E-02,6.458,,,,,,11o38,,,,,,,,,39,orange,Grant,9.445,,2017-09-13,2017-09-03,11,Apple,6262,9:44:02,1.163228,8.673,,,,,,11o39,,,,,,,,,40,orange,Ferris,8.01,,2017-09-13,2017-09-03,11,Apple,6262,9:45:34,0.1900096,7.538,,,,,,11o40,,,,,,,,,41,orange,Grant,7.519,,2017-09-13,2017-09-03,11,Apple,6262,9:47:04,0.3763707,3.274,,,,,looks dead,11o41,,,,,,,,,42,orange,Grant,7.582,,2017-09-13,2017-09-03,11,Apple,6262,9:48:33,0.2083795,6.986,,,,,,11o42,,,,,,,,,43,orange,Ferris,7.949,,2017-09-13,2017-09-03,11,Apple,6262,9:50:13,0.2020469,7.507,,,,,,11o43,,,,,,,,,44,orange,Grant,5.463,,2017-09-13,2017-09-03,11,Apple,6262,9:51:47,0.1265536,5.041,,,,,,11o44,,,,,,,,,45,orange,Grant,6.386,,2017-09-13,2017-09-03,11,Apple,6262,9:53:04,1.051411,6,,,,,,11o45,,,,,,,,,46,orange,Milford,7.097,,2017-09-13,2017-09-03,11,Haw,6262,9:54:34,0.1415179,7.097,,,,,,11o46,,,,,,,,,47,orange,Ferris,6.872,,2017-09-13,2017-09-03,11,Apple,6262,9:55:54,0.1479455,6.557,,,,,,11o47,,,,,,,,,48,orange,Ferris,5.737,,2017-09-13,2017-09-03,11,Apple,6262,9:57:09,0.1339934,5.08,,,,,,11o48,,,,,,,,,49,orange,Grant,10.109,,2017-09-13,2017-09-03,11,Apple,6262,9:58:14,0.1213978,9.499,,,,,,11o49,,,,,,,,,50,orange,Ferris,9.79,,2017-09-13,2017-09-03,11,Apple,6262,9:59:26,0.1430687,9.111,,,,,,11o50,,,,,,,,,51,orange,Ferris,4.657,,2017-09-13,2017-09-03,11,Apple,6262,10:00:40,0.7442055,4.351,,,,,,11o51,,,,,,,,,52,orange,Grant,7.702,,2017-09-13,2017-09-03,11,Apple,6262,10:02:06,1.114548,7.105,,,,,,11o52,,,,,,,,,53,orange,Ferris,6.867,,2017-09-13,2017-09-03,11,Apple,6262,10:03:31,0.8649194,6.298,,,,,,11o53,2017-10-03,32,C8,fly,32,10:25,,,54,orange,Ferris,10.358,,2017-09-13,2017-09-03,11,Apple,6262,10:05:01,0.1911196,9.785,,,,,,11o54,,,,,,,,,55,orange,Grant,6.664,,2017-09-13,2017-09-03,11,Apple,6262,10:06:23,0.2632757,6.17,,,,,,11o55,,,,,,,,,56,orange,Ferris,8.47,,2017-09-13,2017-09-03,11,Apple,6262,10:07:40,0.2042799,7.687,,,,,,11o56,,,,,,,,,57,orange,Ferris,6.735,,2017-09-13,2017-09-03,11,Apple,6262,10:08:54,0.1040854,6.075,,,,,,11o57,,,,,,,,,58,orange,Grant,6.767,,2017-09-13,2017-09-03,11,Apple,6262,10:10:08,0.1300451,6.236,,,,,,11o58,,,,,,,,,59,orange,Grant,9.287,,2017-09-13,2017-09-03,11,Apple,6262,10:11:15,0.1315088,9.177,,,,,,11o59,,,,,,,,,60,orange,Milford,8.044,,2017-09-13,2017-09-03,11,Haw,6262,10:12:31,0.1776464,7.63,,,,,,11o60,,,,,,,,,61,orange,Ferris,12.379,,2017-09-13,2017-09-03,11,Apple,6262,10:13:46,0.315036,11.072,,,,,,11o61,,,,,,,,,62,orange,Grant,6.298,,2017-09-13,2017-09-03,11,Apple,6262,10:15:01,0.3790144,5.266,,,,,,11o62,,,,,,,,,63,orange,Grant,5.553,,2017-09-13,2017-09-03,11,Apple,6262,10:16:23,0.1166345,5.116,,,,,,11o63,,,,,,,,,64,orange,Ferris,3.234,,2017-09-13,2017-09-03,11,Apple,6262,10:19:19,7.26E-02,3.073,,,,,looks dead ,11o64,,,,,,,,,65,orange,Grant,8.375,,2017-09-13,2017-09-03,11,Apple,6262,10:20:31,0.1129783,7.865,,,,,,11o65,,,,,,,,,66,orange,Grant,4.963,,2017-09-13,2017-09-03,11,Apple,6262,10:21:49,6.75E-02,4.633,,,,,,11o66,,,,,,,,,67,orange,Ferris,5.679,,2017-09-13,2017-09-03,11,Apple,6262,10:22:57,0.1097737,5.43,,,,,,11o67,,,,,,,,,68,orange,Grant,8.004,,2017-09-13,2017-09-03,11,Apple,6262,10:24:20,0.1123388,7.414,,,,,,11o68,,,,,,,,,69,orange,Grant,7.088,,2017-09-13,2017-09-03,11,Apple,6262,10:25:33,0.1525039,6.549,,,,,,11o69,,,,,,,,,70,orange,Blank,,,2017-09-13,2017-09-03,11,Apple,6262,10:26:40,2.18E-02,,,,,,,11o70,,,,,,,,,71,orange,Blank,,,2017-09-13,2017-09-03,11,Apple,6262,10:28:10,1.59E-02,,,,,,,11o71,,,,,,,,,75,orange,Milford,12.08,14:27,2017-09-13,2017-09-03,11,Haw,6262,10:29:14,0.1860628,11.282,6:45,,,,,11o75,,,,,,,,,1,white,Ferris,8.783,17:04,2017-09-14,2017-09-04,12,Apple,7000,9:44:06,5.54E-02,8.124,12:45,,,,,12w1,,,,,,,,,2,white,Grant,8.631,,2017-09-14,2017-09-04,12,Apple,7000,9:45:24,9.41E-02,6.406,,,,,,12w2,,,,,,,,,3,white,Grant,4.26,,2017-09-14,2017-09-04,12,Apple,7000,9:46:40,5.87E-02,3.946,,,,,,12w3,,,,,,,,,4,white,Milford,11.242,,2017-09-14,2017-09-04,12,Haw,7000,9:48:13,0.1184031,10.551,,,,,,12w4,,,,,,,,,5,white,Grant,7.141,,2017-09-14,2017-09-04,12,Apple,7000,9:49:33,0.1639035,6.579,,,,,,12w5,,,,,,,,,6,white,Ferris,7.315,,2017-09-14,2017-09-04,12,Apple,7000,9:51:07,6.49E-02,6.954,,,,,,12w6,,,,,,,,,7,white,Grant,7.588,,2017-09-14,2017-09-04,12,Apple,7000,9:52:49,0.1271021,6.848,,,,,,12w7,,,,,,,,,8,white,Milford,8.59,,2017-09-14,2017-09-04,12,Haw,7000,9:54:01,6.80E-02,7.903,,,,,,12w8,,,,,,,,,9,white,Grant,5.936,,2017-09-14,2017-09-04,12,Apple,7000,9:55:12,0.2201691,4.923,,,,,,12w9,,,,,,,,,10,white,Grant,9.389,,2017-09-14,2017-09-04,12,Apple,7000,9:56:39,7.28E-02,8.93,,,,,,12w10,,,,,,,,,11,white,Ferris,5.841,,2017-09-14,2017-09-04,12,Apple,7000,9:58:11,8.53E-02,5.481,,,,,d15 syringe dirty,12w11,,,,,,,,,12,white,Grant,8.69,,2017-09-14,2017-09-04,12,Apple,7000,9:59:39,8.57E-02,8.191,,,,,,12w12,,,,,,,,,13,white,MSU,7.368,,2017-09-14,2017-09-04,12,Apple,7000,10:00:52,5.93E-02,6.819,,,,,,12w13,,,,,,,,,14,white,Grant,7.631,,2017-09-14,2017-09-04,12,Apple,7000,10:02:19,0.1073653,6.977,,,,,,12w14,,,,,,,,,15,white,Ferris,10.224,,2017-09-14,2017-09-04,12,Apple,7000,10:03:46,0.1039533,9.612,,,,,,12w15,,,,,,,,,16,white,Grant,9.863,,2017-09-14,2017-09-04,12,Apple,7000,10:05:03,0.1814777,9.546,,,,,,12w16,,,,,,,,,17,white,Ferris,9.693,,2017-09-14,2017-09-04,12,Apple,7000,10:06:28,8.32E-02,9.324,,,,,,12w17,,,,,,,,,18,white,Grant,5.628,,2017-09-14,2017-09-04,12,Apple,7000,10:07:55,8.76E-02,5.166,,,,,,12w18,,,,,,,,,19,white,Grant,4.992,,2017-09-14,2017-09-04,12,Apple,7000,10:09:08,6.34E-02,4.674,,,,,,12w19,,,,,,,,,20,white,MSU,8.811,,2017-09-14,2017-09-04,12,Apple,7000,10:10:25,9.05E-02,8.192,,,,,,12w20,,,,,,,,,21,white,Grant,3.612,,2017-09-14,2017-09-04,12,Apple,7000,10:11:45,5.47E-02,3.463,,,,,,12w21,,,,,,,,,22,white,Grant,5.685,,2017-09-14,2017-09-04,12,Apple,7000,10:12:55,4.22E-02,5.289,,,,,,12w22,,,,,,,,,23,white,Grant,6.505,,2017-09-14,2017-09-04,12,Apple,7000,10:14:05,0.1091866,6.073,,,,,,12w23,,,,,,,,,24,white,Ferris,10.222,,2017-09-14,2017-09-04,12,Apple,7000,10:15:13,6.80E-02,9.622,,,,,,12w24,,,,,,,,,25,white,Grant,5.966,,2017-09-14,2017-09-04,12,Apple,7000,10:16:46,7.24E-02,5.515,,,,,,12w25,,,,,,,,,26,white,Grant,9.691,,2017-09-14,2017-09-04,12,Apple,7000,10:18:04,0.2874,3.022,,,,,,12w26,,,,,,,,,27,white,Ferris,11.557,,2017-09-14,2017-09-04,12,Apple,7000,10:19:29,0.1089849,10.808,,,,,,12w27,,,,,,,,,28,white,Milford,8.866,,2017-09-14,2017-09-04,12,Haw,7000,10:20:50,0.7247808,8.088,,,,,,12w28,,,,,,,,,29,white,Grant,10.679,,2017-09-14,2017-09-04,12,Apple,7000,10:22:15,1.121949,2.906,,,,,,12w29,,,,,,,,,30,white,Ferris,10.161,,2017-09-14,2017-09-04,12,Apple,7000,10:23:30,0.7199153,9.598,,,,,,12w30,,,,,,,,,31,white,Grant,5.577,,2017-09-14,2017-09-04,12,Apple,7000,10:25:11,0.413033,5.212,,,,,,12w31,,,,,,,,,32,white,Ferris,5.317,,2017-09-14,2017-09-04,12,Apple,7000,10:26:36,5.65E-02,5.166,,,,,,12w32,,,,,,,,,33,white,Grant,4.489,,2017-09-14,2017-09-04,12,Apple,7000,10:27:49,0.1614346,1.668,,,,,,12w33,,,,,,,,,34,white,Grant,4.179,,2017-09-14,2017-09-04,12,Apple,7000,10:29:20,0.2541237,1.418,,,,,,12w34,,,,,,,,,35,white,Grant,8.693,,2017-09-14,2017-09-04,12,Apple,7000,10:30:26,0.326465,5.694,,,,,,12w35,,,,,,,,,36,white,Milford,8.225,,2017-09-14,2017-09-04,12,Haw,7000,10:31:36,0.1007219,7.577,,,,,,12w36,,,,,,,,,37,white,Grant,9.25,,2017-09-14,2017-09-04,12,Apple,7000,10:32:49,7.40E-02,8.464,,,,,,12w37,,,,,,,,,38,white,Grant,5.733,,2017-09-14,2017-09-04,12,Apple,7000,10:34:29,5.51E-02,5.261,,,,,,12w38,,,,,,,,,39,white,Grant,7.555,,2017-09-14,2017-09-04,12,Apple,7000,10:36:01,9.92E-02,7.007,,,,,,12w39,,,,,,,,,40,white,Ferris,7.29,,2017-09-14,2017-09-04,12,Apple,7000,10:37:25,0.5055474,6.491,,,,,,12w40,,,,,,,,,41,white,Grant,5.884,,2017-09-14,2017-09-04,12,Apple,7000,10:38:57,8.43E-02,5.296,,,,,,12w41,,,,,,,,,42,white,Grant,5.95,,2017-09-14,2017-09-04,12,Apple,7000,10:40:25,0.1069683,5.326,,,,,,12w42,,,,,,,,,43,white,Grant,9.32,,2017-09-14,2017-09-04,12,Apple,7000,10:41:32,0.136772,8.767,,,,,,12w43,,,,,,,,,44,white,Milford,8.947,,2017-09-14,2017-09-04,12,Haw,7000,10:43:00,5.76E-02,8.253,,,,,,12w44,,,,,,,,,45,white,Grant,8.881,,2017-09-14,2017-09-04,12,Apple,7000,10:44:10,0.1771578,8.056,,,,,,12w45,,,,,,,,,46,white,Ferris,8.926,,2017-09-14,2017-09-04,12,Apple,7000,10:45:21,7.28E-02,8.155,,,,,,12w46,,,,,,,,,47,white,Grant,6.557,,2017-09-14,2017-09-04,12,Apple,7000,10:46:35,0.6300822,5.997,,,,,,12w47,,,,,,,,,48,white,Milford,9.446,,2017-09-14,2017-09-04,12,Haw,7000,10:48:10,8.76E-02,8.757,,,,,,12w48,,,,,,,,,49,white,Grant,5.402,,2017-09-14,2017-09-04,12,Apple,7000,10:49:18,0.3978092,4.924,,,,,,12w49,,,,,,,,,50,white,Grant,7.689,,2017-09-14,2017-09-04,12,Apple,7000,10:50:45,0.1115295,7.052,,,,,,12w50,,,,,,,,,51,white,Grant,3.825,,2017-09-14,2017-09-04,12,Apple,7000,10:52:02,0.274817,3.556,,,,,,12w51,,,,,,,,,52,white,Grant,9.341,,2017-09-14,2017-09-04,12,Apple,7000,10:53:31,0.1408426,8.574,,,,,,12w52,,,,,,,,,53,white,Ferris,7.49,,2017-09-14,2017-09-04,12,Apple,7000,10:54:42,6.42E-02,7.189,,,,,,12w53,,,,,,,,,54,white,Grant,5.657,,2017-09-14,2017-09-04,12,Apple,7000,10:55:56,6.52E-02,5.305,,,,,,12w54,,,,,,,,,55,white,Grant,6.357,,2017-09-14,2017-09-04,12,Apple,7000,10:57:18,5.12E-02,5.765,,,,,,12w55,,,,,,,,,56,white,Grant,8.057,,2017-09-14,2017-09-04,12,Apple,7000,10:58:37,9.13E-02,7.625,,,,,,12w56,,,,,,,,,57,white,Milford,7.514,,2017-09-14,2017-09-04,12,Haw,7000,11:00:11,6.89E-02,7.098,,,,,,12w57,,,,,,,,,58,white,Grant,6.339,,2017-09-14,2017-09-04,12,Apple,7000,11:01:15,0.2023468,4.162,,,,,,12w58,,,,,,,,,59,white,Ferris,7.375,,2017-09-14,2017-09-04,12,Apple,7000,11:02:30,6.64E-02,6.83,,,,,,12w59,,,,,,,,,60,white,Grant,7.967,,2017-09-14,2017-09-04,12,Apple,7000,11:04:03,0.0855639,7.298,,,,,,12w60,,,,,,,,,61,white,Ferris,6.43,,2017-09-14,2017-09-04,12,Apple,7000,11:06:47,0.0789437,5.947,,,,,,12w61,,,,,,,,,62,white,Grant,4.48,,2017-09-14,2017-09-04,12,Apple,7000,11:08:03,0.1332537,4.149,,,,,,12w62,,,,,,,,,63,white,Grant,10.278,,2017-09-14,2017-09-04,12,Apple,7000,11:09:16,0.344875,3.56,,,,,,12w63,,,,,,,,,64,white,Ferris,10.496,,2017-09-14,2017-09-04,12,Apple,7000,11:10:28,9.24E-02,9.517,,,,,,12w64,,,,,,,,,65,white,Grant,4.553,,2017-09-14,2017-09-04,12,Apple,7000,11:11:37,0.4755291,2.196,,,,,,12w65,,,,,,,,,66,white,Grant,5.9,,2017-09-14,2017-09-04,12,Apple,7000,11:13:02,5.75E-02,5.61,,,,,,12w66,,,,,,,,,67,white,Ferris,7.774,,2017-09-14,2017-09-04,12,Apple,7000,11:14:24,0.0897368,7.186,,,,,,12w67,,,,,,,,,68,white,Grant,6.874,,2017-09-14,2017-09-04,12,Apple,7000,11:15:43,7.50E-02,6.357,,,,,,12w68,,,,,,,,,69,white,Grant,8.439,,2017-09-14,2017-09-04,12,Apple,7000,11:16:58,5.71E-02,8.193,,,,,,12w69,,,,,,,,,70,white,Ferris,5.704,,2017-09-14,2017-09-04,12,Apple,7000,11:18:13,0.043973,5.429,,,,,,12w70,,,,,,,,,71,white,Grant,9.074,,2017-09-14,2017-09-04,12,Apple,7000,11:19:22,0.1064432,8.314,,,,,,12w71,,,,,,,,,72,white,Ferris,8.865,,2017-09-14,2017-09-04,12,Apple,7000,11:20:34,0.1096119,8.443,,,,,,12w72,,,,,,,,,73,white,Grant,8.965,,2017-09-14,2017-09-04,12,Apple,7000,11:22:22,9.08E-02,8.307,,,,,,12w73,,,,,,,,,74,white,Grant,6.209,,2017-09-14,2017-09-04,12,Apple,7000,11:23:33,5.38E-02,5.835,,,,,,12w74,,,,,,,,,75,white,Ferris,6.12,,2017-09-14,2017-09-04,12,Apple,7000,11:24:56,0.5173169,5.744,,,,,,12w75,,,,,,,,,76,white,Blank,,,2017-09-14,2017-09-04,12,Apple,7000,11:26:22,1.22E-02,,,,,,,12w76,,,,,,,,,77,white,Blank,,17:27,2017-09-14,2017-09-04,12,Apple,7000,11:27:20,9.33E-03,,13:26,,,,,12w77,,,,,,,,,1,blue,MSU,10.96,16:30,2017-09-14,2017-09-04,12,Apple,6262,9:44:06,0.1976725,9.871,13:30,,,,,12b1,,,,,,,,,2,blue,Grant,8.28,,2017-09-14,2017-09-04,12,Apple,6262,9:45:24,0.1740884,7.58,,,,,,12b2,,,,,,,,,3,blue,Ferris,5.826,,2017-09-14,2017-09-04,12,Apple,6262,9:46:40,0.7487298,5.45,,,,,,12b3,,,,,,,,,4,blue,Grant,9.072,,2017-09-14,2017-09-04,12,Apple,6262,9:48:13,0.2053956,8.565,,,,,,12b4,,,,,,,,,5,blue,Milford,10.207,,2017-09-14,2017-09-04,12,Haw,6262,9:49:33,1.308943,9.266,,,,,,12b5,,,,,,,,,6,blue,Grant,9.83,,2017-09-14,2017-09-04,12,Apple,6262,9:51:07,2.092909,7.524,,,,,,12b6,,,,,,,,,7,blue,Grant,8.041,,2017-09-14,2017-09-04,12,Apple,6262,9:52:49,0.1326049,7.517,,,,,,12b7,,,,,,,,,8,blue,Ferris,6.207,,2017-09-14,2017-09-04,12,Apple,6262,9:54:01,0.1092344,5.883,,,,,,12b8,,,,,,,,,9,blue,Grant,3.219,,2017-09-14,2017-09-04,12,Apple,6262,9:55:12,1.621185,0.531,,,,,,12b9,,,,,,,,,10,blue,Milford,7.591,,2017-09-14,2017-09-04,12,Haw,6262,9:56:39,2.01776,3.308,,,,,"d15 respirometry done but pupae already smashed, kept for overwintering",12b10,,,,,,,,,11,blue,Grant,4.262,,2017-09-14,2017-09-04,12,Apple,6262,9:58:11,0.5401859,3.934,,,,,,12b11,,,,,,,,,12,blue,Ferris,7.036,,2017-09-14,2017-09-04,12,Apple,6262,9:59:39,0.2189396,6.617,,,,,,12b12,,,,,,,,,13,blue,Grant,6.101,,2017-09-14,2017-09-04,12,Apple,6262,10:00:52,0.9448476,5.659,,,,,,12b13,,,,,,,,,14,blue,Grant,5.278,,2017-09-14,2017-09-04,12,Apple,6262,10:02:19,0.5212889,4.017,,,,,d15 syringe dirty,12b14,,,,,,,,,15,blue,Ferris,8.179,,2017-09-14,2017-09-04,12,Apple,6262,10:03:46,0.2207049,7.576,,,,,,12b15,,,,,,,,,16,blue,Grant,6.795,,2017-09-14,2017-09-04,12,Apple,6262,10:05:03,0.1854789,,,,,,squished,12b16,,,,,,,,,17,blue,Grant,3.936,,2017-09-14,2017-09-04,12,Apple,6262,10:06:28,0.6502768,3.601,,,,,,12b17,,,,,,,,,18,blue,Ferris,5.878,,2017-09-14,2017-09-04,12,Apple,6262,10:07:55,0.1930356,5.776,,,,,,12b18,,,,,,,,,19,blue,Milford,7.784,,2017-09-14,2017-09-04,12,Haw,6262,10:09:08,0.2057206,7.121,,,,,,12b19,,,,,,,,,20,blue,Grant,6.975,,2017-09-14,2017-09-04,12,Apple,6262,10:10:25,0.4104555,6.476,,,,,,12b20,,,,,,,,,21,blue,Grant,5.98,,2017-09-14,2017-09-04,12,Apple,6262,10:11:45,0.1406554,5.736,,,,,,12b21,,,,,,,,,22,blue,Ferris,6.648,,2017-09-14,2017-09-04,12,Apple,6262,10:12:55,0.108235,6.341,,,,,,12b22,,,,,,,,,23,blue,Grant,3.357,,2017-09-14,2017-09-04,12,Apple,6262,10:14:05,8.33E-02,,,,,,squished,12b23,,,,,,,,,24,blue,Grant,7.615,,2017-09-14,2017-09-04,12,Apple,6262,10:15:13,0.7998459,6.991,,,,,,12b24,,,,,,,,,25,blue,Grant,6.354,,2017-09-14,2017-09-04,12,Apple,6262,10:16:46,0.2168395,5.835,,,,,,12b25,,,,,,,,,26,blue,MSU,7.667,,2017-09-14,2017-09-04,12,Apple,6262,10:18:04,0.8145199,7.146,,,,,,12b26,,,,,,,,,27,blue,Grant,11.178,,2017-09-14,2017-09-04,12,Apple,6262,10:19:29,0.3385528,10.005,,,,,,12b27,,,,,,,,,28,blue,Ferris,7.68,,2017-09-14,2017-09-04,12,Apple,6262,10:20:50,0.1992522,7.251,,,,,,12b28,,,,,,,,,29,blue,Grant,6.319,,2017-09-14,2017-09-04,12,Apple,6262,10:22:15,0.1325704,5.516,,,,,,12b29,,,,,,,,,30,blue,Ferris,9.913,,2017-09-14,2017-09-04,12,Apple,6262,10:23:30,0.980944,9.598,,,,,,12b30,,,,,,,,,31,blue,Grant,5.198,,2017-09-14,2017-09-04,12,Apple,6262,10:25:11,0.8247559,4.752,,,,,,12b31,,,,,,,,,32,blue,Grant,7.306,,2017-09-14,2017-09-04,12,Apple,6262,10:26:36,0.195226,6.769,,,,,,12b32,,,,,,,,,33,blue,Milford,11.694,,2017-09-14,2017-09-04,12,Haw,6262,10:27:49,1.324077,10.637,,,,,,12b33,,,,,,,,,34,blue,Grant,4.843,,2017-09-14,2017-09-04,12,Apple,6262,10:29:20,0.1107391,4.427,,,,,,12b34,,,,,,,,,35,blue,Grant,6.228,,2017-09-14,2017-09-04,12,Apple,6262,10:30:26,0.1464027,5.861,,,,,,12b35,,,,,,,,,36,blue,Ferris,5.507,,2017-09-14,2017-09-04,12,Apple,6262,10:31:36,7.51E-02,5.125,,,,,,12b36,,,,,,,,,37,blue,Grant,7.466,,2017-09-14,2017-09-04,12,Apple,6262,10:32:49,1.693769,6.187,,,,,,12b37,,,,,,,,,38,blue,Grant,5.143,,2017-09-14,2017-09-04,12,Apple,6262,10:34:29,0.7507184,4.79,,,,,,12b38,,,,,,,,,39,blue,MSU,10.494,,2017-09-14,2017-09-04,12,Apple,6262,10:36:01,0.2248041,9.659,,,,,,12b39,,,,,,,,,40,blue,Grant,5.483,,2017-09-14,2017-09-04,12,Apple,6262,10:37:25,0.6955754,5.102,,,,,,12b40,,,,,,,,,41,blue,Grant,13.129,,2017-09-14,2017-09-04,12,Apple,6262,10:38:57,0.8611677,4.153,,,,,,12b41,,,,,,,,,42,blue,Ferris,7.774,,2017-09-14,2017-09-04,12,Apple,6262,10:40:25,0.1155018,7.243,,,,,,12b42,,,,,,,,,43,blue,Grant,6.99,,2017-09-14,2017-09-04,12,Apple,6262,10:41:32,0.8473561,6.371,,,,,,12b43,,,,,,,,,44,blue,Grant,5.151,,2017-09-14,2017-09-04,12,Apple,6262,10:43:00,7.37E-02,5.424,,,,,,12b44,,,,,,,,,45,blue,Milford,8.613,,2017-09-14,2017-09-04,12,Haw,6262,10:44:10,0.1126879,7.793,,,,,,12b45,,,,,,,,,46,blue,Grant,7.819,,2017-09-14,2017-09-04,12,Apple,6262,10:45:21,0.1318485,7.239,,,,,,12b46,,,,,,,,,47,blue,Grant,9.226,,2017-09-14,2017-09-04,12,Apple,6262,10:46:35,1.20806,2.082,,,,,,12b47,,,,,,,,,48,blue,Ferris,7.463,,2017-09-14,2017-09-04,12,Apple,6262,10:48:10,0.193329,6.978,,,,,,12b48,,,,,,,,,49,blue,Grant,6.717,,2017-09-14,2017-09-04,12,Apple,6262,10:49:18,0.8085658,6.194,,,,,,12b49,,,,,,,,,50,blue,Grant,8.653,,2017-09-14,2017-09-04,12,Apple,6262,10:50:45,0.1500584,7.843,,,,,,12b50,,,,,,,,,51,blue,Ferris,9.316,,2017-09-14,2017-09-04,12,Apple,6262,10:52:02,0.958524,8.739,,,,,,12b51,,,,,,,,,52,blue,Grant,8.807,,2017-09-14,2017-09-04,12,Apple,6262,10:53:31,0.2178445,7.838,,,,,,12b52,,,,,,,,,53,blue,Ferris,10.302,,2017-09-14,2017-09-04,12,Apple,6262,10:54:42,0.15841,9.582,,,,,,12b53,,,,,,,,,54,blue,Grant,7.449,,2017-09-14,2017-09-04,12,Apple,6262,10:55:56,0.177451,6.851,,,,,,12b54,,,,,,,,,55,blue,Ferris,12.367,,2017-09-14,2017-09-04,12,Apple,6262,10:57:18,0.4144759,5.79,,,,,,12b55,,,,,,,,,56,blue,Grant,7.033,,2017-09-14,2017-09-04,12,Apple,6262,10:58:37,2.19913,2.065,,,,,,12b56,,,,,,,,,57,blue,Ferris,5.569,,2017-09-14,2017-09-04,12,Apple,6262,11:00:11,7.41E-02,5.212,,,,,,12b57,,,,,,,,,58,blue,Ferris,7.024,,2017-09-14,2017-09-04,12,Apple,6262,11:01:15,9.35E-02,6.548,,,,,,12b58,,,,,,,,,59,blue,Grant,11,,2017-09-14,2017-09-04,12,Apple,6262,11:02:30,1.86065,4.262,,,,,,12b59,,,,,,,,,60,blue,Grant,9.636,,2017-09-14,2017-09-04,12,Apple,6262,11:04:03,0.1247111,8.977,,,,,,12b60,,,,,,,,,61,blue,Milford,9.299,,2017-09-14,2017-09-04,12,Haw,6262,11:06:47,0.15868,8.475,,,,,,12b61,,,,,,,,,62,blue,Grant,7.601,,2017-09-14,2017-09-04,12,Apple,6262,11:08:03,8.83E-02,7.079,,,,,,12b62,,,,,,,,,63,blue,Grant,7.574,,2017-09-14,2017-09-04,12,Apple,6262,11:09:16,0.1487624,7.3,,,,,,12b63,,,,,,,,,64,blue,Ferris,7.524,,2017-09-14,2017-09-04,12,Apple,6262,11:10:28,0.1864045,6.849,,,,,,12b64,,,,,,,,,65,blue,Grant,6.879,,2017-09-14,2017-09-04,12,Apple,6262,11:11:37,0.636291,4.944,,,,,,12b65,,,,,,,,,66,blue,Grant,7.238,,2017-09-14,2017-09-04,12,Apple,6262,11:13:02,0.7623356,6.837,,,,,,12b66,,,,,,,,,67,blue,Milford,11.852,,2017-09-14,2017-09-04,12,Haw,6262,11:14:24,0.2573703,10.964,,,,,,12b67,,,,,,,,,68,blue,Grant,8.935,,2017-09-14,2017-09-04,12,Apple,6262,11:15:43,0.1167077,8.177,,,,,,12b68,,,,,,,,,69,blue,Grant,7.163,,2017-09-14,2017-09-04,12,Apple,6262,11:16:58,0.1636563,6.819,,,,,,12b69,,,,,,,,,70,blue,Ferris,6.897,,2017-09-14,2017-09-04,12,Apple,6262,11:18:13,7.00E-02,6.389,,,,,,12b70,,,,,,,,,71,blue,Grant,6.079,,2017-09-14,2017-09-04,12,Apple,6262,11:19:22,0.073502,5.783,,,,,,12b71,,,,,,,,,72,blue,Grant,6.829,,2017-09-14,2017-09-04,12,Apple,6262,11:20:34,0.2766009,6.159,,,,,,12b72,,,,,,,,,73,blue,Ferris,8.975,,2017-09-14,2017-09-04,12,Apple,6262,11:22:22,0.1610967,8.27,,,,,,12b73,,,,,,,,,74,blue,Grant,7.815,,2017-09-14,2017-09-04,12,Apple,6262,11:23:33,0.290533,6.633,,,,,,12b74,,,,,,,,,75,blue,Grant,8.799,,2017-09-14,2017-09-04,12,Apple,6262,11:24:56,0.1787215,8.414,,,,,,12b75,,,,,,,,,76,blue,Blank,,,2017-09-14,2017-09-04,12,Apple,6262,11:26:22,1.90E-02,,,,,,,12b76,,,,,,,,,77,blue,Blank,,17:03,2017-09-14,2017-09-04,12,Apple,6262,11:27:20,1.87E-02,,14:00,,,,,12b77,,,,,,,,,1,red,Milford,8.097,13:22,2017-09-15,2017-09-05,13,Haw,7000,9:18:10,0.6786519,7.836,12:28,,,,,13r1,,,,,,,,,2,red,Grant,8.738,,2017-09-15,2017-09-05,13,Apple,7000,9:19:35,9.26E-02,8.328,,,,,,13r2,,,,,,,,,3,red,Grant,7.423,,2017-09-15,2017-09-05,13,Apple,7000,9:20:47,8.37E-02,6.954,,,,,,13r3,,,,,,,,,4,red,Grant,7.931,,2017-09-15,2017-09-05,13,Apple,7000,9:22:08,9.62E-02,7.835,,,,,,13r4,,,,,,,,,5,red,Ferris,10.284,,2017-09-15,2017-09-05,13,Apple,7000,9:23:23,5.86E-02,9.867,,,,,,13r5,,,,,,,,,6,red,Grant,6.301,,2017-09-15,2017-09-05,13,Apple,7000,9:24:31,6.88E-02,6.219,,,,,,13r6,,,,,,,,,7,red,Ferris,7.863,,2017-09-15,2017-09-05,13,Apple,7000,9:25:47,0.6595102,7.478,,,,,,13r7,,,,,,,,,8,red,Grant,5.948,,2017-09-15,2017-09-05,13,Apple,7000,9:27:14,0.1016834,5.89,,,,,,13r8,,,,,,,,,9,red,Grant,9.734,,2017-09-15,2017-09-05,13,Apple,7000,9:28:32,9.20E-02,9.485,,,,,,13r9,,,,,,,,,10,red,MSU,8.788,,2017-09-15,2017-09-05,13,Apple,7000,9:29:42,9.58E-02,8.614,,,,,,13r10,,,,,,,,,11,red,Grant,3.743,,2017-09-15,2017-09-05,13,Apple,7000,9:31:21,5.10E-02,3.695,,,,,,13r11,,,,,,,,,12,red,Grant,6.312,,2017-09-15,2017-09-05,13,Apple,7000,9:32:58,0.1003054,6.189,,,,,,13r12,,,,,,,,,13,red,Grant,5.174,,2017-09-15,2017-09-05,13,Apple,7000,9:34:06,0.3940577,5.065,,,,,,13r13,,,,,,,,,14,red,Grant,6.788,,2017-09-15,2017-09-05,13,Apple,7000,9:35:24,0.1065777,6.505,,,,,,13r14,,,,,,,,,15,red,Grant,5.388,,2017-09-15,2017-09-05,13,Apple,7000,9:36:32,0.1068,5.125,,,,,,13r15,,,,,,,,,16,red,Ferris,5.201,,2017-09-15,2017-09-05,13,Apple,7000,9:37:55,0.0591845,4.906,,,,,,13r16,,,,,,,,,17,red,Ferris,8.878,,2017-09-15,2017-09-05,13,Apple,7000,9:39:25,0.9635664,8.369,,,,,,13r17,,,,,,,,,18,red,Grant,5.885,,2017-09-15,2017-09-05,13,Apple,7000,9:40:46,9.91E-02,5.836,,,,,,13r18,,,,,,,,,19,red,Grant,8.234,,2017-09-15,2017-09-05,13,Apple,7000,9:42:13,0.2091181,4.354,,,,,,13r19,,,,,,,,,20,red,Ferris,7.22,,2017-09-15,2017-09-05,13,Apple,7000,9:43:23,0.1069653,7.02,,,,,,13r20,,,,,,,,,21,red,Ferris,6.96,,2017-09-15,2017-09-05,13,Apple,7000,9:44:32,6.16E-02,6.9,,,,,,13r21,,,,,,,,,22,red,Grant,9.116,,2017-09-15,2017-09-05,13,Apple,7000,9:45:40,0.1135002,8.993,,,,,,13r22,,,,,,,,,23,red,Grant,4.339,,2017-09-15,2017-09-05,13,Apple,7000,9:46:49,0.8337691,1.856,,,,,,13r23,,,,,,,,,24,red,Grant,9.176,,2017-09-15,2017-09-05,13,Apple,7000,9:48:17,1.099898,5.19,,,,,,13r24,,,,,,,,,25,red,Milford,11.519,,2017-09-15,2017-09-05,13,Haw,7000,9:49:44,0.126625,10.757,,,,,,13r25,,,,,,,,,26,red,Milford,11.27,,2017-09-15,2017-09-05,13,Haw,7000,9:50:56,0.1464526,10.949,,,,,,13r26,,,,,,,,,28,red,Ferris,10.071,,2017-09-15,2017-09-05,13,Apple,7000,9:52:03,8.62E-02,9.872,,,,,,13r28,,,,,,,,,30,red,Milford,12.321,,2017-09-15,2017-09-05,13,Haw,7000,9:53:25,0.8528228,11.578,,,,,,13r30,,,,,,,,,31,red,Grant,9.895,,2017-09-15,2017-09-05,13,Apple,7000,9:54:50,0.122293,9.463,,,,,,13r31,,,,,,,,,32,red,Ferris,6.168,,2017-09-15,2017-09-05,13,Apple,7000,9:56:19,6.01E-02,5.849,,,,,,13r32,,,,,,,,,33,red,Grant,8.36,,2017-09-15,2017-09-05,13,Apple,7000,9:57:28,6.18E-02,8.081,,,,,,13r33,,,,,,,,,34,red,Ferris,7.05,,2017-09-15,2017-09-05,13,Apple,7000,9:58:28,0.1159946,6.446,,,,,,13r34,,,,,,,,,35,red,Grant,10.354,,2017-09-15,2017-09-05,13,Apple,7000,9:59:42,0.1721524,10.082,,,,,,13r35,,,,,,,,,36,red,Grant,6.168,,2017-09-15,2017-09-05,13,Apple,7000,10:00:55,0.4999671,5.812,,,,,,13r36,,,,,,,,,37,red,Grant,5.759,,2017-09-15,2017-09-05,13,Apple,7000,10:02:12,0.0760495,5.624,,,,,,13r37,,,,,,,,,38,red,Milford,11.825,,2017-09-15,2017-09-05,13,Haw,7000,10:03:27,7.92E-02,11.327,,,,,,13r38,,,,,,,,,39,red,Grant,9.559,,2017-09-15,2017-09-05,13,Apple,7000,10:04:46,6.28E-02,9.37,,,,,,13r39,,,,,,,,,40,red,Grant,9.352,,2017-09-15,2017-09-05,13,Apple,7000,10:06:05,0.1297771,9.231,,,,,,13r40,,,,,,,,,41,red,Grant,9.182,,2017-09-15,2017-09-05,13,Apple,7000,10:07:12,0.1027413,9.054,,,,,,13r41,,,,,,,,,42,red,Grant,8.918,,2017-09-15,2017-09-05,13,Apple,7000,10:08:25,0.1246479,8.662,,,,,,13r42,,,,,,,,,43,red,Grant,6.174,,2017-09-15,2017-09-05,13,Apple,7000,10:09:47,0.0856957,5.814,,,,,,13r43,,,,,,,,,44,red,Ferris,6.098,,2017-09-15,2017-09-05,13,Apple,7000,10:11:01,5.82E-02,5.989,,,,,,13r44,,,,,,,,,45,red,Grant,5.665,,2017-09-15,2017-09-05,13,Apple,7000,10:12:15,0.294902,3.917,,,,,,13r45,,,,,,,,,46,red,Ferris,6.67,,2017-09-15,2017-09-05,13,Apple,7000,10:13:25,0.4799809,6.373,,,,,,13r46,,,,,,,,,47,red,Grant,9.653,,2017-09-15,2017-09-05,13,Apple,7000,10:14:45,0.1041425,9.178,,,,,,13r47,,,,,,,,,48,red,Grant,10.33,,2017-09-15,2017-09-05,13,Apple,7000,10:15:55,0.4071133,3.88,,,,,,13r48,,,,,,,,,49,red,Ferris,8.466,,2017-09-15,2017-09-05,13,Apple,7000,10:17:12,0.1153014,7.996,,,,,,13r49,,,,,,,,,50,red,MSU,7.152,,2017-09-15,2017-09-05,13,Apple,7000,10:18:23,0.1169858,6.499,,,,,,13r50,,,,,,,,,51,red,MSU,9.475,,2017-09-15,2017-09-05,13,Apple,7000,10:19:46,9.21E-02,9.086,,,,,,13r51,,,,,,,,,52,red,Grant,6.223,,2017-09-15,2017-09-05,13,Apple,7000,10:21:15,0.1005343,5.788,,,,,,13r52,,,,,,,,,53,red,Ferris,5.641,,2017-09-15,2017-09-05,13,Apple,7000,10:22:29,6.75E-02,5.513,,,,,,13r53,,,,,,,,,54,red,Grant,6.602,,2017-09-15,2017-09-05,13,Apple,7000,10:23:48,1.180135,2.495,,,,,,13r54,,,,,,,,,55,red,Grant,3.494,,2017-09-15,2017-09-05,13,Apple,7000,10:25:12,5.23E-02,3.392,,,,,,13r55,,,,,,,,,56,red,Grant,4.961,,2017-09-15,2017-09-05,13,Apple,7000,10:26:38,9.67E-02,4.682,,,,,,13r56,,,,,,,,,57,red,MSU,6.736,,2017-09-15,2017-09-05,13,Apple,7000,10:27:51,6.07E-02,6.316,,,,,,13r57,,,,,,,,,58,red,Grant,5.193,,2017-09-15,2017-09-05,13,Apple,7000,10:29:05,0.4631884,5.057,,,,,,13r58,,,,,,,,,59,red,Grant,4.537,,2017-09-15,2017-09-05,13,Apple,7000,10:30:24,1.987892,2.431,,,,,,13r59,,,,,,,,,60,red,Ferris,8.23,,2017-09-15,2017-09-05,13,Apple,7000,10:31:59,9.39E-02,7.796,,,,,,13r60,,,,,,,,,61,red,Grant,4.522,,2017-09-15,2017-09-05,13,Apple,7000,10:33:19,0.1201025,4.121,,,,,,13r61,,,,,,,,,62,red,Grant,6.029,,2017-09-15,2017-09-05,13,Apple,7000,10:34:40,9.97E-02,5.86,,,,,,13r62,,,,,,,,,63,red,Grant,10.142,,2017-09-15,2017-09-05,13,Apple,7000,10:35:54,0.1715246,9.873,,,,,,13r63,,,,,,,,,64,red,Ferris,9.758,,2017-09-15,2017-09-05,13,Apple,7000,10:37:33,8.84E-02,8.952,,,,,,13r64,,,,,,,,,65,red,Grant,5.369,,2017-09-15,2017-09-05,13,Apple,7000,10:38:51,0.4847324,2.726,,,,,,13r65,,,,,,,,,66,red,Grant,6.256,,2017-09-15,2017-09-05,13,Apple,7000,10:40:06,9.28E-02,6.201,,,,,,13r66,,,,,,,,,67,red,Milford,7.26,,2017-09-15,2017-09-05,13,Haw,7000,10:47:26,9.57E-02,7.009,,,,,,13r67,,,,,,,,,68,red,Grant,5.008,,2017-09-15,2017-09-05,13,Apple,7000,10:48:31,7.11E-02,4.818,,,,,,13r68,,,,,,,,,69,red,Grant,9.712,,2017-09-15,2017-09-05,13,Apple,7000,10:49:50,0.10864,9.239,,,,,,13r69,,,,,,,,,70,red,Blank,,,2017-09-15,2017-09-05,13,Apple,7000,10:51:15,1.30E-02,,,,,,,13r70,,,,,,,,,71,red,Grant,6.265,,2017-09-15,2017-09-05,13,Apple,7000,10:52:23,0.9618008,2.47,,,,,,13r71,,,,,,,,,72,red,Ferris,9.496,,2017-09-15,2017-09-05,13,Apple,7000,10:53:48,0.2875504,7.384,,,,,,13r72,,,,,,,,,73,red,Blank,,,2017-09-15,2017-09-05,13,Apple,7000,10:55:03,1.26E-02,,,,,,,13r73,,,,,,,,,74,red,Grant,6.747,,2017-09-15,2017-09-05,13,Apple,7000,10:56:15,0.6867489,2.601,,,,,,13r74,,,,,,,,,75,red,Grant,8.029,,2017-09-15,2017-09-05,13,Apple,7000,10:57:43,7.43E-02,7.963,,,,,,13r75,,,,,,,,,76,red,Grant,4.576,,2017-09-15,2017-09-05,13,Apple,7000,,,4.398,,,,,d14: air in the syringe. Respirometry d11 not done?,13r76,,,,,,,,,77,red,Ferris,7.024,14:53,2017-09-15,2017-09-05,13,Apple,7000,11:00:03,8.27E-02,6.759,13:16,,,,,13r77,,,,,,,,,1,orange,Ferris,5.399,13:26,2017-09-15,2017-09-05,13,Apple,6262,9:18:10,0.5966194,5.04,11:23,,,,,13o1,,,,,,,,,2,orange,Grant,9.049,,2017-09-15,2017-09-05,13,Apple,6262,9:19:35,0.1984548,8.846,,,,,,13o2,,,,,,,,,3,orange,Grant,8.705,,2017-09-15,2017-09-05,13,Apple,6262,9:20:47,0.1981357,8.323,,,,,,13o3,,,,,,,,,4,orange,Ferris,6.99,,2017-09-15,2017-09-05,13,Apple,6262,9:22:08,7.78E-02,6.697,,,,,,13o4,,,,,,,,,5,orange,Grant,10.695,,2017-09-15,2017-09-05,13,Apple,6262,9:23:23,0.1572495,10.588,,,,,,13o5,,,,,,,,,6,orange,Grant,7.494,,2017-09-15,2017-09-05,13,Apple,6262,9:24:31,0.1204828,7.254,,,,,,13o6,,,,,,,,,7,orange,Ferris,5.387,,2017-09-15,2017-09-05,13,Apple,6262,9:25:47,0.1969762,4.459,,,,,,13o7,,,,,,,,,8,orange,Grant,6.47,,2017-09-15,2017-09-05,13,Apple,6262,9:27:14,0.3069078,5.723,,,,,,13o8,,,,,,,,,9,orange,MSU,6.851,,2017-09-15,2017-09-05,13,Apple,6262,9:28:32,0.1444533,6.279,,,,,,13o9,,,,,,,,,10,orange,Grant,8.747,,2017-09-15,2017-09-05,13,Apple,6262,9:29:42,1.496552,7.907,,,,,,13o10,,,,,,,,,11,orange,Grant,6.49,,2017-09-15,2017-09-05,13,Apple,6262,9:31:21,0.9230639,6.349,,,,,,13o11,,,,,,,,,12,orange,Ferris,5.145,,2017-09-15,2017-09-05,13,Apple,6262,9:32:58,0.1185236,5.004,,,,,,13o12,,,,,,,,,13,orange,Grant,4.039,,2017-09-15,2017-09-05,13,Apple,6262,9:34:06,0.128284,3.96,,,,,,13o13,,,,,,,,,14,orange,Ferris,6.445,,2017-09-15,2017-09-05,13,Apple,6262,9:35:24,0.1341356,6.151,,,,,,13o14,,,,,,,,,15,orange,Grant,5.82,,2017-09-15,2017-09-05,13,Apple,6262,9:36:32,0.9804894,5.444,,,,,,13o15,,,,,,,,,16,orange,Ferris,8.522,,2017-09-15,2017-09-05,13,Apple,6262,9:37:55,1.358763,8.238,,,,,,13o16,,,,,,,,,17,orange,Grant,4.103,,2017-09-15,2017-09-05,13,Apple,6262,9:39:25,0.1133857,3.986,,,,,,13o17,,,,,,,,,18,orange,Grant,9.507,,2017-09-15,2017-09-05,13,Apple,6262,9:40:46,1.336179,8.965,,,,,,13o18,,,,,,,,,19,orange,Ferris,5.697,,2017-09-15,2017-09-05,13,Apple,6262,9:42:13,0.1252325,5.476,,,,,,13o19,,,,,,,,,20,orange,Grant,6.544,,2017-09-15,2017-09-05,13,Apple,6262,9:43:23,0.1205281,6.46,,,,,,13o20,,,,,,,,,21,orange,Ferris,4.336,,2017-09-15,2017-09-05,13,Apple,6262,9:44:32,0.1446821,4.005,,,,,,13o21,,,,,,,,,22,orange,MSU,6.992,,2017-09-15,2017-09-05,13,Apple,6262,9:45:40,0.1143252,6.432,,,,,,13o22,,,,,,,,,23,orange,Grant,6.12,,2017-09-15,2017-09-05,13,Apple,6262,9:46:49,0.1572422,5.869,,,,,,13o23,,,,,,,,,24,orange,Grant,3.216,,2017-09-15,2017-09-05,13,Apple,6262,9:48:17,8.79E-02,3.135,,,,,,13o24,,,,,,,,,25,orange,Ferris,4.065,,2017-09-15,2017-09-05,13,Apple,6262,9:49:44,0.1148916,4.023,,,,,,13o25,,,,,,,,,26,orange,Ferris,7.816,,2017-09-15,2017-09-05,13,Apple,6262,9:50:56,0.1067075,7.737,,,,,,13o26,,,,,,,,,27,orange,Grant,6.91,,2017-09-15,2017-09-05,13,Apple,6262,9:52:03,0.1430514,6.522,,,,,,13o27,,,,,,,,,28,orange,Milford,10.525,,2017-09-15,2017-09-05,13,Haw,6262,9:53:25,1.437245,9.781,,,,,,13o28,,,,,,,,,29,orange,Grant,10.42,,2017-09-15,2017-09-05,13,Apple,6262,9:54:50,1.24083,10.204,,,,,,13o29,,,,,,,,,30,orange,Grant,8.623,,2017-09-15,2017-09-05,13,Apple,6262,9:56:19,0.1279719,8.164,,,,,,13o30,,,,,,,,,31,orange,Milford,11.582,,2017-09-15,2017-09-05,13,Haw,6262,9:57:28,0.1272969,11.148,,,,,,13o31,,,,,,,,,33,orange,MSU,10.024,,2017-09-15,2017-09-05,13,Apple,6262,9:58:28,0.1766804,9.37,,,,,,13o33,,,,,,,,,34,orange,Ferris,6.754,,2017-09-15,2017-09-05,13,Apple,6262,9:59:42,0.1178204,6.294,,,,,,13o34,,,,,,,,,35,orange,Grant,6.938,,2017-09-15,2017-09-05,13,Apple,6262,10:00:55,0.115106,6.554,,,,,,13o35,,,,,,,,,36,orange,Ferris,8.472,,2017-09-15,2017-09-05,13,Apple,6262,10:02:12,0.189284,8.376,,,,,,13o36,,,,,,,,,37,orange,Grant,4.557,,2017-09-15,2017-09-05,13,Apple,6262,10:03:27,0.4536707,2.328,,,,,,13o37,,,,,,,,,38,orange,Grant,9.628,,2017-09-15,2017-09-05,13,Apple,6262,10:04:46,0.1621254,9.183,,,,,,13o38,,,,,,,,,39,orange,Grant,6.964,,2017-09-15,2017-09-05,13,Apple,6262,10:06:05,0.1153344,6.907,,,,,,13o39,,,,,,,,,40,orange,MSU,9.342,,2017-09-15,2017-09-05,13,Apple,6262,10:07:12,0.1563195,8.726,,,,,,13o40,,,,,,,,,41,orange,Grant,4.689,,2017-09-15,2017-09-05,13,Apple,6262,10:08:25,0.4420799,4.027,,,,,,13o41,,,,,,,,,42,orange,Ferris,6.987,,2017-09-15,2017-09-05,13,Apple,6262,10:09:47,0.1883108,6.756,,,,,,13o42,,,,,,,,,43,orange,Grant,8.71,,2017-09-15,2017-09-05,13,Apple,6262,10:11:01,0.1912174,8.527,,,,,,13o43,,,,,,,,,44,orange,Ferris,7.116,,2017-09-15,2017-09-05,13,Apple,6262,10:12:15,0.1023718,7.015,,,,,,13o44,,,,,,,,,45,orange,Grant,6.883,,2017-09-15,2017-09-05,13,Apple,6262,10:13:25,1.07467,6.545,,,,,,13o45,,,,,,,,,46,orange,Ferris,9.083,,2017-09-15,2017-09-05,13,Apple,6262,10:14:45,0.156886,8.67,,,,,,13o46,,,,,,,,,47,orange,Grant,8.997,,2017-09-15,2017-09-05,13,Apple,6262,10:15:55,0.159225,8.888,,,,,,13o47,,,,,,,,,48,orange,Grant,6.079,,2017-09-15,2017-09-05,13,Apple,6262,10:17:12,0.1423214,6.013,,,,,,13o48,,,,,,,,,49,orange,Ferris,5.357,,2017-09-15,2017-09-05,13,Apple,6262,10:18:23,0.8953964,4.962,,,,,,13o49,,,,,,,,,50,orange,Ferris,7.919,,2017-09-15,2017-09-05,13,Apple,6262,10:19:46,1.202635,7.534,,,,,,13o50,,,,,,,,,51,orange,Milford,8.275,,2017-09-15,2017-09-05,13,Haw,6262,10:21:15,0.1013656,8.035,12:01,,,,,13o51,,,,,,,,,52,orange,Grant,7.582,,2017-09-15,2017-09-05,13,Apple,6262,10:22:29,0.2308934,7.278,12:09,,,,,13o52,,,,,,,,,53,orange,Grant,8.477,,2017-09-15,2017-09-05,13,Apple,6262,10:23:48,0.1209087,8.332,,,,,,13o53,,,,,,,,,54,orange,Ferris,7.762,,2017-09-15,2017-09-05,13,Apple,6262,10:25:12,0.7296919,2.499,,,,,,13o54,,,,,,,,,55,orange,Grant,6.036,,2017-09-15,2017-09-05,13,Apple,6262,10:26:38,0.139002,5.942,,,,,,13o55,,,,,,,,,56,orange,Grant,6.715,,2017-09-15,2017-09-05,13,Apple,6262,10:27:51,0.1949383,6.378,,,,,,13o56,,,,,,,,,57,orange,Ferris,4.239,,2017-09-15,2017-09-05,13,Apple,6262,10:29:05,0.1717628,4.183,,,,,,13o57,,,,,,,,,58,orange,Grant,6.084,,2017-09-15,2017-09-05,13,Apple,6262,10:30:24,0.960322,5.922,,,,,,13o58,,,,,,,,,59,orange,Grant,7.505,,2017-09-15,2017-09-05,13,Apple,6262,10:31:59,0.191141,6.768,,,,,,13o59,,,,,,,,,60,orange,Ferris,5.574,,2017-09-15,2017-09-05,13,Apple,6262,10:33:19,0.7467766,5.045,,,,,,13o60,,,,,,,,,61,orange,Blank,,,2017-09-15,2017-09-05,13,Apple,6262,10:34:40,1.49E-02,,,,,,,13o61,,,,,,,,,62,orange,Grant,5.799,,2017-09-15,2017-09-05,13,Apple,6262,10:35:54,1.020578,5.304,,,,,,13o62,,,,,,,,,63,orange,Ferris,7.14,,2017-09-15,2017-09-05,13,Apple,6262,10:37:33,0.1124822,6.774,,,,,,13o63,,,,,,,,,64,orange,Blank,,,2017-09-15,2017-09-05,13,Apple,6262,10:38:51,1.28E-02,,,,,,,13o64,,,,,,,,,65,orange,Grant,8.053,,2017-09-15,2017-09-05,13,Apple,6262,10:40:06,0.2089028,7.876,,,,,,13o65,,,,,,,,,66,orange,Ferris,4.528,,2017-09-15,2017-09-05,13,Apple,6262,10:47:26,6.81E-02,4.207,,,,,,13o66,,,,,,,,,67,orange,Grant,9.358,,2017-09-15,2017-09-05,13,Apple,6262,10:48:31,0.6410758,6.1,,,,,,13o67,,,,,,,,,68,orange,Grant,7.654,,2017-09-15,2017-09-05,13,Apple,6262,10:49:50,0.7436156,6.62,,,,,,13o68,,,,,,,,,69,orange,Milford,9.309,,2017-09-15,2017-09-05,13,Haw,6262,10:51:15,0.1017155,9.109,,,,,,13o69,,,,,,,,,70,orange,Grant,6.316,,2017-09-15,2017-09-05,13,Apple,6262,10:52:23,0.1464355,6.227,,,,,,13o70,,,,,,,,,71,orange,Grant,6.906,,2017-09-15,2017-09-05,13,Apple,6262,10:53:48,0.1259062,6.834,,,,,,13o71,,,,,,,,,72,orange,Ferris,8.541,,2017-09-15,2017-09-05,13,Apple,6262,10:55:03,0.122758,8.214,,,,,,13o72,,,,,,,,,73,orange,Grant,9.311,,2017-09-15,2017-09-05,13,Apple,6262,10:56:15,0.1744151,9.162,,,,,,13o73,,,,,,,,,74,orange,Milford,9.355,,2017-09-15,2017-09-05,13,Haw,6262,10:57:43,0.1184902,8.836,,,,,,13o74,,,,,,,,,75,orange,Grant,5.144,,2017-09-15,2017-09-05,13,Apple,6262,11:00:03,0.6941437,5.001,,,,,,13o75,,,,,,,,,76,orange,Grant,7.812,,2017-09-15,2017-09-05,13,Apple,6262,,,7.398,,,,,d14: air in the syringe. Respirometry d11 not done?,13o76,,,,,,,,,77,orange,Ferris,10.108,14:19,2017-09-15,2017-09-05,13,Apple,6262,11:01:35,0.1794719,9.841,12:26,,,,,13o77,,,,,,,,,1,red,Grant,5.197,17:28,2017-09-16,2017-09-06,14,Apple,7000,12:17:34,0.1524032,5.13,15:28,,,,,14r1,,,,,,,,,2,red,Grant,4.998,,2017-09-16,2017-09-06,14,Apple,7000,12:18:51,0.4845942,4.902,,,,,,14r2,,,,,,,,,3,red,Ferris,8.288,,2017-09-16,2017-09-06,14,Apple,7000,12:20:21,4.80E-02,7.946,,,,,,14r3,,,,,,,,,4,red,Ferris,8.865,,2017-09-16,2017-09-06,14,Apple,7000,12:21:30,8.76E-02,8.727,,,,,,14r4,,,,,,,,,5,red,Grant,9.288,,2017-09-16,2017-09-06,14,Apple,7000,12:22:35,7.91E-02,9.246,,,,,,14r5,,,,,,,,,6,red,Ferris,9.434,,2017-09-16,2017-09-06,14,Apple,7000,12:23:39,4.65E-02,9.197,,,,,,14r6,,,,,,,,,7,red,Ferris,9.138,,2017-09-16,2017-09-06,14,Apple,7000,12:24:55,0.1359503,9.064,,,,,,14r7,,,,,,,,,8,red,Grant,8.116,,2017-09-16,2017-09-06,14,Apple,7000,12:26:02,0.6769822,,,,,,"d14: squished, removed",14r8,,,,,,,,,9,red,Grant,5.756,,2017-09-16,2017-09-06,14,Apple,7000,12:27:23,7.00E-02,5.628,,,,,,14r9,,,,,,,,,10,red,Grant,12.981,,2017-09-16,2017-09-06,14,Apple,7000,12:28:32,0.1631437,12.762,,,,,,14r10,,,,,,,,,11,red,Grant,9.348,,2017-09-16,2017-09-06,14,Apple,7000,12:29:43,0.1322305,8.386,,,,,,14r11,,,,,,,,,12,red,Grant,8.252,,2017-09-16,2017-09-06,14,Apple,7000,12:30:50,0.1121238,8.01,,,,,,14r12,,,,,,,,,13,red,Ferris,5.333,,2017-09-16,2017-09-06,14,Apple,7000,12:32:18,0.0790768,5.164,,,,,,14r13,,,,,,,,,14,red,Ferris,5.46,,2017-09-16,2017-09-06,14,Apple,7000,12:33:44,5.51E-02,5.316,,,,,,14r14,,,,,,,,,15,red,Grant,4.42,,2017-09-16,2017-09-06,14,Apple,7000,12:34:56,0.5003167,4.087,,,,,,14r15,,,,,,,,,16,red,Ferris,5.674,,2017-09-16,2017-09-06,14,Apple,7000,12:36:09,8.37E-02,5.624,,,,,,14r16,,,,,,,,,17,red,Ferris,7.381,,2017-09-16,2017-09-06,14,Apple,7000,12:37:32,9.40E-02,7.163,,,,,,14r17,,,,,,,,,18,red,Grant,7.312,,2017-09-16,2017-09-06,14,Apple,7000,12:38:49,0.1090554,7.122,,,,,,14r18,,,,,,,,,19,red,Grant,6.678,,2017-09-16,2017-09-06,14,Apple,7000,12:40:05,6.92E-02,6.64,,,,,,14r19,,,,,,,,,20,red,Ferris,6.378,,2017-09-16,2017-09-06,14,Apple,7000,12:41:13,0.5573636,6.021,,,,,,14r20,,,,,,,,,21,red,Grant,10.034,,2017-09-16,2017-09-06,14,Apple,7000,12:42:35,0.1720414,9.578,,,,,,14r21,,,,,,,,,22,red,Ferris,3.617,,2017-09-16,2017-09-06,14,Apple,7000,12:44:22,0.4081513,3.503,,,,,,14r22,,,,,,,,,23,red,Grant,5.255,,2017-09-16,2017-09-06,14,Apple,7000,12:46:08,0.6006994,4.998,,,,,,14r23,,,,,,,,,24,red,Grant,5.748,,2017-09-16,2017-09-06,14,Apple,7000,12:47:32,0.1391342,5.499,,,,,,14r24,,,,,,,,,25,red,Milford,7.048,,2017-09-16,2017-09-06,14,Haw,7000,12:48:52,0.0763792,6.95,,,,,,14r25,,,,,,,,,26,red,Ferris,7.492,,2017-09-16,2017-09-06,14,Apple,7000,12:50,8.55E-02,7.367,,,,,,14r26,,,,,,,,,27,red,Blank,,,2017-09-16,2017-09-06,14,Apple,7000,12:51:09,9.53E-03,,,,,,,14r27,,,,,,,,,28,red,Ferris,6.853,,2017-09-16,2017-09-06,14,Apple,7000,12:52:24,6.42E-02,6.797,,,,,,14r28,,,,,,,,,29,red,Grant,9.864,,2017-09-16,2017-09-06,14,Apple,7000,12:53:55,0.2233355,9.854,,,,,,14r29,,,,,,,,,30,red,Ferris,7.109,,2017-09-16,2017-09-06,14,Apple,7000,12:55:07,6.45E-02,6.763,,,,,,14r30,,,,,,,,,31,red,Grant,8.032,,2017-09-16,2017-09-06,14,Apple,7000,12:56:21,6.53E-02,7.971,,,,,,14r31,,,,,,,,,32,red,Ferris,3.228,,2017-09-16,2017-09-06,14,Apple,7000,12:57:32,3.51E-02,3.184,,,,,,14r32,,,,,,,,,33,red,Grant,6.474,,2017-09-16,2017-09-06,14,Apple,7000,12:58:48,0.1383315,6.414,,,,,,14r33,,,,,,,,,34,red,Grant,8.051,,2017-09-16,2017-09-06,14,Apple,7000,12:59:55,6.63E-02,7.774,,,,,,14r34,,,,,,,,,35,red,Grant,6.585,,2017-09-16,2017-09-06,14,Apple,7000,13:01:07,0.6304677,6.358,,,,,,14r35,,,,,,,,,36,red,Ferris,5.425,,2017-09-16,2017-09-06,14,Apple,7000,13:02:28,6.23E-02,5.378,,,,,,14r36,,,,,,,,,37,red,Grant,9.81,,2017-09-16,2017-09-06,14,Apple,7000,13:03:34,0.1203711,9.349,,,,,,14r37,,,,,,,,,38,red,Ferris,6.149,,2017-09-16,2017-09-06,14,Apple,7000,13:04:41,5.59E-02,6.008,,,,,,14r38,,,,,,,,,39,red,Grant,4.939,,2017-09-16,2017-09-06,14,Apple,7000,13:05:52,0.9455976,,,,,,"d14: smashed, removed",14r39,,,,,,,,,40,red,Grant,5.329,,2017-09-16,2017-09-06,14,Apple,7000,13:07:12,7.09E-02,5.249,,,,,,14r40,,,,,,,,,41,red,Grant,3.67,,2017-09-16,2017-09-06,14,Apple,7000,13:08:26,0.2410935,1.588,,,,,don't look healthy but keep it,14r41,,,,,,,,,42,red,Ferris,9.522,,2017-09-16,2017-09-06,14,Apple,7000,13:09:42,9.42E-02,9.106,,,,,,14r42,,,,,,,,,43,red,Grant,5.914,,2017-09-16,2017-09-06,14,Apple,7000,13:10:53,0.5306118,5.67,,,,,,14r43,,,,,,,,,44,red,Grant,5.805,,2017-09-16,2017-09-06,14,Apple,7000,13:12:14,0.4661531,5.674,,,,,,14r44,,,,,,,,,45,red,Grant,7.597,,2017-09-16,2017-09-06,14,Apple,7000,13:13:32,0.4384719,3.008,,,,,don't look healthy but keep it,14r45,,,,,,,,,46,red,Grant,5.884,,2017-09-16,2017-09-06,14,Apple,7000,13:14:50,0.1156539,3.647,,,,,,14r46,,,,,,,,,47,red,Grant,9.124,,2017-09-16,2017-09-06,14,Apple,7000,13:16:01,0.1103744,9.069,,,,,,14r47,,,,,,,,,48,red,Ferris,5.425,,2017-09-16,2017-09-06,14,Apple,7000,13:17:07,5.56E-02,5.356,,,,,,14r48,,,,,,,,,49,red,Grant,8.795,,2017-09-16,2017-09-06,14,Apple,7000,13:18:14,6.71E-02,8.672,,,,,,14r49,,,,,,,,,50,red,Grant,9.358,,2017-09-16,2017-09-06,14,Apple,7000,13:19:22,8.01E-02,9.232,,,,,,14r50,,,,,,,,,51,red,Grant,6.812,,2017-09-16,2017-09-06,14,Apple,7000,13:20:47,0.1477352,5.057,,,,,,14r51,,,,,,,,,52,red,Grant,5.909,,2017-09-16,2017-09-06,14,Apple,7000,13:22:02,0.1076088,5.838,,,,,,14r52,,,,,,,,,53,red,Grant,3.63,,2017-09-16,2017-09-06,14,Apple,7000,13:23:12,0.3022177,3.366,,,,,,14r53,,,,,,,,,54,red,Grant,4.134,,2017-09-16,2017-09-06,14,Apple,7000,13:24:26,6.80E-02,4.064,,,,,,14r54,,,,,,,,,55,red,Grant,4.501,,2017-09-16,2017-09-06,14,Apple,7000,13:25:43,0.3864066,4.404,,,,,,14r55,,,,,,,,,56,red,Ferris,7.292,,2017-09-16,2017-09-06,14,Apple,7000,13:27:04,6.43E-02,7.221,,,,,,14r56,,,,,,,,,57,red,Grant,9.801,,2017-09-16,2017-09-06,14,Apple,7000,13:28:21,9.88E-02,9.644,,,,,,14r57,,,,,,,,,58,red,Grant,4.781,,2017-09-16,2017-09-06,14,Apple,7000,13:29:27,9.24E-02,4.662,,,,,,14r58,,,,,,,,,59,red,Grant,3.757,,2017-09-16,2017-09-06,14,Apple,7000,13:30:38,6.86E-02,3.735,,,,,,14r59,,,,,,,,,60,red,Ferris,8.65,,2017-09-16,2017-09-06,14,Apple,7000,13:31:41,0.1192529,8.586,,,,,,14r60,,,,,,,,,61,red,Grant,6.013,,2017-09-16,2017-09-06,14,Apple,7000,13:33:02,4.87E-02,5.934,,,,,,14r61,,,,,,,,,62,red,Grant,7.222,,2017-09-16,2017-09-06,14,Apple,7000,13:34:15,0.452556,2.811,,,,,,14r62,,,,,,,,,63,red,Ferris,6.628,,2017-09-16,2017-09-06,14,Apple,7000,13:35:37,6.15E-02,6.589,,,,,,14r63,,,,,,,,,64,red,Grant,4.879,,2017-09-16,2017-09-06,14,Apple,7000,13:36:32,5.68E-02,4.79,,,,,,14r64,,,,,,,,,66,red,Ferris,8.159,,2017-09-16,2017-09-06,14,Apple,7000,13:37:39,7.98E-02,7.485,,,,,,14r66,,,,,,,,,69,red,Ferris,4.406,,2017-09-16,2017-09-06,14,Apple,7000,,,,,,,,"d14: air in syringe, larvae smashed and removed (d11 resp was dead, see notebook)",14r69,,,,,,,,,70,red,Blank,,17:49,2017-09-16,2017-09-06,14,Apple,7000,13:38:36,9.47E-03,,15:53,,,,,14r70,,,,,,,,,1,blue,Grant,6.54,17:08,2017-09-16,2017-09-06,14,Apple,6262,12:17:34,3.86E-02,6.401,14:56,,,,,14b1,,,,,,,,,2,blue,Milford,11.606,,2017-09-16,2017-09-06,14,Haw,6262,12:18:51,1.41699,11.345,,,,,,14b2,,,,,,,,,3,blue,Grant,5.352,,2017-09-16,2017-09-06,14,Apple,6262,12:20:21,0.1479277,5.26,,,,,,14b3,,,,,,,,,4,blue,Milford,6.749,,2017-09-16,2017-09-06,14,Haw,6262,12:21:30,0.107341,6.309,,,,,,14b4,,,,,,,,,5,blue,Grant,6.515,,2017-09-16,2017-09-06,14,Apple,6262,12:22:35,0.1146965,6.405,,,,,,14b5,,,,,,,,,6,blue,Grant,7.064,,2017-09-16,2017-09-06,14,Apple,6262,12:23:39,0.1277728,7.016,,,,,,14b6,,,,,,,,,7,blue,Ferris,8.654,,2017-09-16,2017-09-06,14,Apple,6262,12:24:55,0.0778365,8.385,,,,,,14b7,,,,,,,,,8,blue,Grant,5.598,,2017-09-16,2017-09-06,14,Apple,6262,12:26:02,0.0604049,5.546,,,,,,14b8,,,,,,,,,9,blue,Ferris,5.973,,2017-09-16,2017-09-06,14,Apple,6262,12:27:23,0.1044762,5.914,,,,,,14b9,,,,,,,,,10,blue,Ferris,10.335,,2017-09-16,2017-09-06,14,Apple,6262,12:28:32,0.1291175,10.123,,,,,,14b10,,,,,,,,,11,blue,Grant,5.684,,2017-09-16,2017-09-06,14,Apple,6262,12:29:43,8.27E-02,5.648,,,,,,14b11,,,,,,,,,12,blue,Grant,7.356,,2017-09-16,2017-09-06,14,Apple,6262,12:30:50,0.9781656,7.004,,,,,,14b12,,,,,,,,,13,blue,Grant,4.105,,2017-09-16,2017-09-06,14,Apple,6262,12:32:18,0.6544673,3.916,,,,,,14b13,,,,,,,,,14,blue,Grant,7.918,,2017-09-16,2017-09-06,14,Apple,6262,12:33:44,0.1753221,7.849,,,,,,14b14,,,,,,,,,15,blue,Ferris,10.56,,2017-09-16,2017-09-06,14,Apple,6262,12:34:56,0.167373,9.946,,,,,,14b15,,,,,,,,,16,blue,Grant,5.821,,2017-09-16,2017-09-06,14,Apple,6262,12:36:09,0.179882,5.574,,,,,,14b16,,,,,,,,,17,blue,Grant,8.284,,2017-09-16,2017-09-06,14,Apple,6262,12:37:32,0.2101239,7.941,,,,,,14b17,,,,,,,,,18,blue,Grant,6.223,,2017-09-16,2017-09-06,14,Apple,6262,12:38:49,0.1534432,6.115,,,,,,14b18,,,,,,,,,19,blue,Ferris,9.565,,2017-09-16,2017-09-06,14,Apple,6262,12:40:05,0.1526086,9.058,,,,,,14b19,,,,,,,,,20,blue,Grant,6.118,,2017-09-16,2017-09-06,14,Apple,6262,12:41:13,0.5591238,5.114,,,,,,14b20,,,,,,,,,21,blue,Grant,7.039,,2017-09-16,2017-09-06,14,Apple,6262,12:42:35,0.9644125,6.775,,,,,,14b21,,,,,,,,,22,blue,Ferris,4.904,,2017-09-16,2017-09-06,14,Apple,6262,12:44:22,0.1244014,,,,,,d14 was already smashed,14b22,,,,,,,,,23,blue,Ferris,8.356,,2017-09-16,2017-09-06,14,Apple,6262,12:46:08,0.1834359,8.153,,,,,,14b23,,,,,,,,,24,blue,Ferris,5.769,,2017-09-16,2017-09-06,14,Apple,6262,12:47:32,0.1104466,5.469,,,,,,14b24,,,,,,,,,25,blue,Grant,7.446,,2017-09-16,2017-09-06,14,Apple,6262,12:48:52,8.46E-02,7.399,,,,,,14b25,,,,,,,,,26,blue,Blank,,,2017-09-16,2017-09-06,14,Apple,6262,12:50,1.56E-02,,,,,,,14b26,,,,,,,,,27,blue,Ferris,6.555,,2017-09-16,2017-09-06,14,Apple,6262,12:51:09,0.172082,6.444,,,,,,14b27,,,,,,,,,28,blue,Grant,5.256,,2017-09-16,2017-09-06,14,Apple,6262,12:52:24,1.244358,,,,,,"d14: dead, removed",14b28,,,,,,,,,29,blue,Grant,6.658,,2017-09-16,2017-09-06,14,Apple,6262,12:53:55,0.126859,6.487,,,,,,14b29,,,,,,,,,30,blue,Ferris,6.339,,2017-09-16,2017-09-06,14,Apple,6262,12:55:07,0.1014471,6.271,,,,,,14b30,,,,,,,,,31,blue,Grant,7.455,,2017-09-16,2017-09-06,14,Apple,6262,12:56:21,0.1567618,7.385,,,,,,14b31,,,,,,,,,32,blue,Ferris,8.621,,2017-09-16,2017-09-06,14,Apple,6262,12:57:32,0.2581344,8.54,,,,,,14b32,,,,,,,,,33,blue,Grant,8.864,,2017-09-16,2017-09-06,14,Apple,6262,12:58:48,0.1957485,8.767,,,,,,14b33,,,,,,,,,34,blue,Grant,10.659,,2017-09-16,2017-09-06,14,Apple,6262,12:59:55,0.1195305,10.521,,,,,,14b34,,,,,,,,,35,blue,Grant,5.858,,2017-09-16,2017-09-06,14,Apple,6262,13:01:07,0.1769261,5.777,,,,,,14b35,,,,,,,,,36,blue,Grant,5.728,,2017-09-16,2017-09-06,14,Apple,6262,13:02:28,9.31E-02,5.663,,,,,,14b36,,,,,,,,,37,blue,Ferris,9.025,,2017-09-16,2017-09-06,14,Apple,6262,13:03:34,0.1477449,8.685,,,,,,14b37,,,,,,,,,38,blue,Grant,6.999,,2017-09-16,2017-09-06,14,Apple,6262,13:04:41,9.15E-02,6.751,,,,,,14b38,,,,,,,,,39,blue,Grant,10.553,,2017-09-16,2017-09-06,14,Apple,6262,13:05:52,0.1311378,10.413,,,,,,14b39,,,,,,,,,40,blue,Grant,6.568,,2017-09-16,2017-09-06,14,Apple,6262,13:07:12,0.1625977,6.463,,,,,,14b40,,,,,,,,,41,blue,Grant,3.868,,2017-09-16,2017-09-06,14,Apple,6262,13:08:26,0.1472241,3.793,,,,,,14b41,,,,,,,,,42,blue,Grant,5.039,,2017-09-16,2017-09-06,14,Apple,6262,13:09:42,0.1585797,3.775,,,,,,14b42,,,,,,,,,43,blue,Grant,8.289,,2017-09-16,2017-09-06,14,Apple,6262,13:10:53,0.1249516,8.155,,,,,,14b43,,,,,,,,,44,blue,Ferris,6.308,,2017-09-16,2017-09-06,14,Apple,6262,13:12:14,7.53E-02,6.068,,,,,,14b44,,,,,,,,,45,blue,Grant,8.337,,2017-09-16,2017-09-06,14,Apple,6262,13:13:32,9.48E-02,8.212,,,,,,14b45,,,,,,,,,46,blue,Grant,7.808,,2017-09-16,2017-09-06,14,Apple,6262,13:14:50,0.1123047,7.731,,,,,,14b46,,,,,,,,,47,blue,Ferris,6.03,,2017-09-16,2017-09-06,14,Apple,6262,13:16:01,7.75E-02,5.848,,,,,,14b47,,,,,,,,,48,blue,Ferris,7.013,,2017-09-16,2017-09-06,14,Apple,6262,13:17:07,0.1018143,6.748,,,,,,14b48,,,,,,,,,49,blue,Grant,6.571,,2017-09-16,2017-09-06,14,Apple,6262,13:18:14,0.1289817,6.477,,,,,,14b49,,,,,,,,,50,blue,Ferris,3.949,,2017-09-16,2017-09-06,14,Apple,6262,13:19:22,8.72E-02,3.823,,,,,,14b50,,,,,,,,,51,blue,Grant,7.765,,2017-09-16,2017-09-06,14,Apple,6262,13:20:47,9.79E-02,7.71,,,,,,14b51,,,,,,,,,52,blue,Ferris,6.058,,2017-09-16,2017-09-06,14,Apple,6262,13:22:02,0.1116929,5.725,,,,,,14b52,,,,,,,,,53,blue,Ferris,8.619,,2017-09-16,2017-09-06,14,Apple,6262,13:23:12,0.189073,8.491,,,,,,14b53,,,,,,,,,54,blue,Grant,5.995,,2017-09-16,2017-09-06,14,Apple,6262,13:24:26,0.1417574,5.909,,,,,,14b54,,,,,,,,,55,blue,Grant,9.264,,2017-09-16,2017-09-06,14,Apple,6262,13:25:43,1.214351,9.029,,,,,,14b55,,,,,,,,,56,blue,Grant,7.451,,2017-09-16,2017-09-06,14,Apple,6262,13:27:04,1.080379,7.226,,,,,,14b56,,,,,,,,,57,blue,Ferris,9.319,,2017-09-16,2017-09-06,14,Apple,6262,13:28:21,0.1722437,9.153,,,,,,14b57,,,,,,,,,58,blue,Grant,6.593,,2017-09-16,2017-09-06,14,Apple,6262,13:29:27,0.1607879,6.488,,,,,,14b58,,,,,,,,,59,blue,Blank,,,2017-09-16,2017-09-06,14,Apple,6262,13:30:38,1.38E-02,,,,,,,14b59,,,,,,,,,60,blue,Grant,5.995,,2017-09-16,2017-09-06,14,Apple,6262,13:31:41,0.9728211,5.832,,,,,,14b60,,,,,,,,,61,blue,Grant,3.118,,2017-09-16,2017-09-06,14,Apple,6262,13:33:02,0.4344268,2.689,,,,,,14b61,,,,,,,,,65,blue,Ferris,7.518,,2017-09-16,2017-09-06,14,Apple,6262,13:34:15,1.005182,7.233,,,,,,14b65,,,,,,,,,70,blue,Ferris,9.014,17:27,2017-09-16,2017-09-06,14,Apple,6262,13:35:37,1.48E-02,8.618,15:23,,,,,14b70,,,,,,,,,1,orange,Grant,11.616,14:58,2017-09-18,2017-09-08,16,Apple,6262,13:07:30,1.569048,11,11:42,,,,,16o1,,,,,,,,,2,orange,Grant,10.393,,2017-09-18,2017-09-08,16,Apple,6262,13:09:22,0.2789104,9.861,,,,,,16o2,,,,,,,,,3,orange,Grant,7.151,,2017-09-18,2017-09-08,16,Apple,6262,13:11:08,1.766782,6.49,,,,,,16o3,,,,,,,,,4,orange,Ferris,7.454,,2017-09-18,2017-09-08,16,Apple,6262,13:13:02,0.1594931,7.19,,,,,,16o4,,,,,,,,,5,orange,Grant,6.297,,2017-09-18,2017-09-08,16,Apple,6262,13:14:35,0.1395413,5.911,,,,,,16o5,,,,,,,,,6,orange,Grant,4.977,,2017-09-18,2017-09-08,16,Apple,7000,13:14:35,4.45E-02,4.672,,,,,,16o6,,,,,,,,,7,orange,Grant,7.168,,2017-09-18,2017-09-08,16,Apple,6262,13:15:55,0.1348322,6.862,,,,,,16o7,,,,,,,,,8,orange,Grant,5.793,,2017-09-18,2017-09-08,16,Apple,6262,13:17:15,1.13E-02,5.241,,,,,,16o8,,,,,,,,,9,orange,Grant,8.215,,2017-09-18,2017-09-08,16,Apple,6262,13:18:35,1.58E-03,7.445,,,,,,16o9,,,,,,,,,10,orange,Grant,2.64,,2017-09-18,2017-09-08,16,Apple,6262,13:19:49,0.7659177,2.32,,,,,looks smashed,16o10,,,,,,,,,11,orange,Grant,8.771,,2017-09-18,2017-09-08,16,Apple,6262,13:22:01,0.188453,7.499,,,,,,16o11,,,,,,,,,12,orange,Grant,8.113,,2017-09-18,2017-09-08,16,Apple,6262,13:23:31,0.735055,7.099,,,,,,16o12,,,,,,,,,13,orange,Grant,7.084,,2017-09-18,2017-09-08,16,Apple,6262,13:25:19,0.4434558,6.147,,,,,,16o13,,,,,,,,,14,orange,Milford,7.412,,2017-09-18,2017-09-08,16,Haw,6262,13:27:22,0.2645859,6.898,,,,,,16o14,,,,,,,,,15,orange,Grant,4.601,,2017-09-18,2017-09-08,16,Apple,6262,13:28:55,0.4174804,4.428,,,,,,16o15,,,,,,,,,16,orange,Grant,5.812,,2017-09-18,2017-09-08,16,Apple,6262,13:30:40,0.1023624,5.547,,,,,,16o16,,,,,,,,,17,orange,Grant,7.215,,2017-09-18,2017-09-08,16,Apple,6262,13:32:13,0.0751265,6.223,,,,,,16o17,,,,,,,,,18,orange,Grant,8.204,,2017-09-18,2017-09-08,16,Apple,6262,13:33:41,0.1456477,3.02,,,,,looks smashed,16o18,,,,,,,,,19,orange,Grant,8.157,,2017-09-18,2017-09-08,16,Apple,6262,13:35:21,0.1243781,7.379,,,,,,16o19,,,,,,,,,20,orange,Grant,7.884,,2017-09-18,2017-09-08,16,Apple,6262,13:36:51,0.7787501,7.124,,,,,,16o20,,,,,,,,,21,orange,Grant,6.887,,2017-09-18,2017-09-08,16,Apple,6262,13:38:31,0.4193017,6.337,,,,,,16o21,,,,,,,,,22,orange,Grant,9.652,,2017-09-18,2017-09-08,16,Apple,6262,13:40:02,1.089827,3.555,,,,,,16o22,,,,,,,,,23,orange,Grant,8.217,,2017-09-18,2017-09-08,16,Apple,6262,13:41:39,6.61E-02,7.808,,,,,,16o23,,,,,,,,,24,orange,Grant,6.953,,2017-09-18,2017-09-08,16,Apple,6262,13:43:17,0.1478096,6.564,,,,,,16o24,,,,,,,,,25,orange,Grant,6.698,,2017-09-18,2017-09-08,16,Apple,6262,13:45:08,0.1770446,5.981,,,,,,16o25,,,,,,,,,26,orange,Ferris,10.854,,2017-09-18,2017-09-08,16,Apple,6262,13:46:45,1.120743,10.389,,,,,,16o26,,,,,,,,,27,orange,Grant,6.611,,2017-09-18,2017-09-08,16,Apple,6262,13:48:52,0.1917994,6.366,,,,,,16o27,,,,,,,,,28,orange,Grant,6.429,,2017-09-18,2017-09-08,16,Apple,6262,13:52:08,0.2031674,5.639,,,,,,16o28,,,,,,,,,29,orange,Grant,6.545,,2017-09-18,2017-09-08,16,Apple,7000,13:52:08,7.28E-02,4.559,,,,,,16o29,,,,,,,,,30,orange,Grant,5.303,,2017-09-18,2017-09-08,16,Apple,6262,13:54:19,0.1348461,4.776,,,,,,16o30,,,,,,,,,31,orange,Grant,6.478,,2017-09-18,2017-09-08,16,Apple,6262,13:56:00,0.1789402,6.381,,,,,,16o31,,,,,,,,,32,orange,Grant,4.52,,2017-09-18,2017-09-08,16,Apple,6262,13:57:33,0.1751043,4.397,,,,,,16o32,,,,,,,,,33,orange,Grant,7.155,,2017-09-18,2017-09-08,16,Apple,6262,13:59:14,0.1698672,6.624,,,,,,16o33,,,,,,,,,34,orange,Grant,10.015,,2017-09-18,2017-09-08,16,Apple,6262,14:01:29,0.8359417,9.677,,,,,,16o34,,,,,,,,,35,orange,Ferris,7.948,,2017-09-18,2017-09-08,16,Apple,6262,14:03:10,1.033013,7.586,,,,,,16o35,,,,,,,,,36,orange,Grant,4.135,,2017-09-18,2017-09-08,16,Apple,6262,14:04:55,0.2596833,3.928,,,,,,16o36,,,,,,,,,37,orange,Grant,6.432,,2017-09-18,2017-09-08,16,Apple,6262,14:06:30,0.1819748,5.939,,,,,,16o37,,,,,,,,,38,orange,Blank,,,2017-09-18,2017-09-08,16,Apple,6262,14:08:09,8.69E-02,,,,,,,16o38,,,,,,,,,39,orange,Blank,,,2017-09-18,2017-09-08,16,Apple,6262,14:09:33,0.1484799,,,,,,,16o39,,,,,,,,,47,orange,Ferris,7.284,15:12,2017-09-18,2017-09-08,16,Apple,6262,14:11:09,1.31E-02,6.817,12:03,,,,,16o47,,,,,,,,,1,white,Grant,6.438,15:23,2017-09-18,2017-09-08,16,Apple,7000,13:07:30,7.18E-02,6.321,12:07,,,,,16w1,,,,,,,,,2,white,Grant,8.167,,2017-09-18,2017-09-08,16,Apple,7000,13:09:22,0.9224948,7.623,,,,,,16w2,,,,,,,,,3,white,Grant,10.307,,2017-09-18,2017-09-08,16,Apple,7000,13:11:08,0.7626268,9.566,,,,,,16F3,,,,,,,,,4,white,Grant,8.899,,2017-09-18,2017-09-08,16,Apple,7000,13:13:02,0.2707005,6.676,,,,,,16w4,,,,,,,,,5,white,Grant,6.395,,2017-09-18,2017-09-08,16,Apple,7000,13:15:55,8.62E-02,5.927,,,,,,16w5,,,,,,,,,6,white,Grant,7.913,,2017-09-18,2017-09-08,16,Apple,7000,13:17:15,0.1587991,6.752,,,,,,16w6,,,,,,,,,7,white,Grant,10.925,,2017-09-18,2017-09-08,16,Apple,7000,13:18:35,0.151299,9.942,,,,,,16w7,,,,,,,,,8,white,Grant,10.417,,2017-09-18,2017-09-08,16,Apple,7000,13:19:49,0.9628018,9.023,,,,,,16w8,,,,,,,,,9,white,Grant,10.778,,2017-09-18,2017-09-08,16,Apple,7000,13:22:01,9.52E-02,9.577,,,,,,16w9,,,,,,,,,10,white,Grant,10.365,,2017-09-18,2017-09-08,16,Apple,7000,13:23:31,0.1436492,9.02,,,,,,16w10,,,,,,,,,11,white,Grant,3.526,,2017-09-18,2017-09-08,16,Apple,7000,13:25:19,4.61E-02,3.246,,,,,,16w11,,,,,,,,,12,white,Grant,6.854,,2017-09-18,2017-09-08,16,Apple,7000,13:27:22,0.084701,6.354,,,,,,16w12,,,,,,,,,13,white,Grant,5.963,,2017-09-18,2017-09-08,16,Apple,7000,13:28:55,0.0940275,5.576,,,,,,16F13,,,,,,,,,14,white,Grant,9.551,,2017-09-18,2017-09-08,16,Apple,7000,13:30:40,0.1802913,8.589,,,,,,16w14,,,,,,,,,15,white,Grant,8.258,,2017-09-18,2017-09-08,16,Apple,7000,13:32:13,0.073478,7.405,,,,,,16w15,,,,,,,,,16,white,Grant,6.349,,2017-09-18,2017-09-08,16,Apple,7000,13:33:41,0.1233351,6.131,,,,,,16w16,,,,,,,,,17,white,Grant,5.622,,2017-09-18,2017-09-08,16,Apple,7000,13:35:21,7.95E-02,5.222,,,,,,16w17,,,,,,,,,18,white,Grant,7.83,,2017-09-18,2017-09-08,16,Apple,7000,13:36:51,0.0924605,7.631,,,,,,16w18,,,,,,,,,19,white,Grant,7.406,,2017-09-18,2017-09-08,16,Apple,7000,13:38:31,0.2107757,6.632,,,,,,16w19,,,,,,,,,20,white,Grant,7.57,,2017-09-18,2017-09-08,16,Apple,7000,13:40:02,0.1054416,7.069,,,,,,16w20,,,,,,,,,21,white,Grant,8.46,,2017-09-18,2017-09-08,16,Apple,7000,13:41:39,0.1097053,7.966,,,,,,16w21,,,,,,,,,22,white,Grant,9.346,,2017-09-18,2017-09-08,16,Apple,7000,13:43:17,0.8742455,9.123,,,,,,16w22,,,,,,,,,23,white,Grant,7.04,,2017-09-18,2017-09-08,16,Apple,7000,13:45:08,8.11E-02,6.644,,,,,,16w23,,,,,,,,,24,white,Grant,7.047,,2017-09-18,2017-09-08,16,Apple,7000,13:46:45,0.7004543,6.756,,,,,,16F24,,,,,,,,,25,white,Grant,6.306,,2017-09-18,2017-09-08,16,Apple,7000,13:48:52,0.1542396,5.982,,,,,,16w25,,,,,,,,,27,white,Grant,7.36,,2017-09-18,2017-09-08,16,Apple,7000,13:54:19,0.1898255,6.879,,,,,,16w27,,,,,,,,,28,white,Grant,5.963,,2017-09-18,2017-09-08,16,Apple,7000,13:56:00,0.2791779,5.097,,,,,looks unhealthy,16w28,,,,,,,,,29,white,Grant,9.664,,2017-09-18,2017-09-08,16,Apple,7000,13:57:33,8.05E-02,8.977,,,,,,16w29,,,,,,,,,30,white,Grant,5.782,,2017-09-18,2017-09-08,16,Apple,7000,13:59:14,9.66E-02,5.261,,,,,,16w30,,,,,,,,,31,white,Grant,5.473,,2017-09-18,2017-09-08,16,Apple,7000,14:01:29,6.75E-02,5.274,,,,,,16w31,,,,,,,,,32,white,Grant,5.95,,2017-09-18,2017-09-08,16,Apple,7000,14:03:10,5.75E-02,5.352,,,,,,16w32,,,,,,,,,33,white,Grant,6.037,,2017-09-18,2017-09-08,16,Apple,7000,14:04:55,8.58E-02,5.933,,,,,,16w33,,,,,,,,,34,white,Grant,7.204,,2017-09-18,2017-09-08,16,Apple,7000,14:06:30,0.6299452,6.784,,,,,,16F34,,,,,,,,,35,white,Grant,8.281,,2017-09-18,2017-09-08,16,Apple,7000,14:08:09,8.26E-02,8.166,,,,,,16w35,,,,,,,,,36,white,Grant,6.121,,2017-09-18,2017-09-08,16,Apple,7000,14:09:33,0.6412106,3.07,,,,,,16w36,,,,,,,,,37,white,Blank,,,2017-09-18,2017-09-08,16,Apple,7000,14:11:09,8.99E-03,,,,,,,16B37,,,,,,,,,38,white,Blank,,,2017-09-18,2017-09-08,16,Apple,7000,14:12:13,1.03E-02,,,,,,,16B38,,,,,,,,,42,white,Ferris,5.687,16:36,2017-09-18,2017-09-08,16,Apple,7000,14:13:28,5.72E-02,5.435,12:20,,,,,16w42,,,,,,,,,1,blue,Grant,6.759,11:26,2017-09-20,2017-09-10,18,Apple,7000,13:33:06,0.1280808,6.107,15:02,,,,,18b1,,,,,,,,,2,blue,Grant,8.755,,2017-09-20,2017-09-10,18,Apple,7000,13:36:44,7.89E-02,8.507,,,,,,18b2,,,,,,,,,3,blue,Grant,9.761,,2017-09-20,2017-09-10,18,Apple,7000,13:38:22,0.1339866,9.327,,,,,,18b3,,,,,,,,,4,blue,Grant,6.293,,2017-09-20,2017-09-10,18,Apple,7000,13:40:19,7.10E-02,5.69,,,,,,18b4,,,,,,,,,5,blue,Grant,6.352,,2017-09-20,2017-09-10,18,Apple,7000,13:42:23,0.8142571,5.9,,,,,,18b5,,,,,,,,,6,blue,Grant,4.26,,2017-09-20,2017-09-10,18,Apple,7000,13:44:07,0.1029603,4.034,,,,,,18b6,,,,,,,,,7,blue,Grant,8.733,,2017-09-20,2017-09-10,18,Apple,7000,13:45:38,0.1050291,8.395,,,,,,18b7,,,,,,,,,8,blue,Grant,5.364,,2017-09-20,2017-09-10,18,Apple,7000,13:47:24,6.09E-02,4.987,,,,,,18b8,,,,,,,,,9,blue,Grant,10.047,,2017-09-20,2017-09-10,18,Apple,7000,13:48:49,0.1583426,9.295,,,,,,18b9,,,,,,,,,10,blue,Grant,5.873,,2017-09-20,2017-09-10,18,Apple,7000,13:50:13,0.5141876,,,,,,dead,18b10,,,,,,,,,11,blue,Grant,7.65,,2017-09-20,2017-09-10,18,Apple,7000,13:52:02,0.7204621,7.053,,,,,,18b11,,,,,,,,,12,blue,Grant,11.132,,2017-09-20,2017-09-10,18,Apple,7000,13:54:09,1.019703,10.221,,,,,,18b12,,,,,,,,,13,blue,Grant,4.132,,2017-09-20,2017-09-10,18,Apple,7000,13:56:14,0.1640399,,,,,,squished by syringe d11,18b13,,,,,,,,,14,blue,Grant,6.312,,2017-09-20,2017-09-10,18,Apple,7000,13:59:06,6.64E-02,5.78,,,,,"d11 syringe dirty, changed after resp d11",18b14,,,,,,,,,15,blue,Grant,5.446,,2017-09-20,2017-09-10,18,Apple,7000,14:01:27,1.077842,3.996,,,,,,18b15,,,,,,,,,16,blue,Grant,4.913,,2017-09-20,2017-09-10,18,Apple,7000,14:03:14,0.1372543,4.479,,,,,,18b16,,,,,,,,,17,blue,Grant,6.105,,2017-09-20,2017-09-10,18,Apple,7000,14:04:59,0.7679062,5.644,,,,,,18b17,,,,,,,,,18,blue,Grant,3.354,,2017-09-20,2017-09-10,18,Apple,7000,14:06:47,0.6876281,,,,,,"dead, resp done",18b18,,,,,,,,,19,blue,Grant,7.519,,2017-09-20,2017-09-10,18,Apple,7000,14:09:15,0.7128011,6.799,,,,,,18b19,,,,,,,,,20,blue,Grant,2.956,,2017-09-20,2017-09-10,18,Apple,7000,14:10:44,0.9412019,,,,,,"dead, removed, resp not done",18b20,,,,,,,,,21,blue,Grant,1.392,,2017-09-20,2017-09-10,18,Apple,7000,,,,,,,,"dead, removed, resp not done",18b21,,,,,,,,,22,blue,Grant,6.271,,2017-09-20,2017-09-10,18,Apple,7000,14:12:30,0.1403034,5.71,,,,,,18b22,,,,,,,,,23,blue,Grant,4.989,,2017-09-20,2017-09-10,18,Apple,7000,14:14:07,8.00E-02,4.8,,,,,,18b23,,,,,,,,,24,blue,Grant,7.103,,2017-09-20,2017-09-10,18,Apple,7000,14:15:39,5.66E-02,6.742,,,,,,18b24,,,,,,,,,25,blue,Grant,8.55,,2017-09-20,2017-09-10,18,Apple,7000,14:17:09,9.66E-02,8.063,,,,,,18b25,,,,,,,,,26,blue,Grant,5.912,,2017-09-20,2017-09-10,18,Apple,7000,14:18:46,7.36E-02,5.633,,,,,,18b26,,,,,,,,,27,blue,Grant,7.093,,2017-09-20,2017-09-10,18,Apple,7000,14:20:16,9.89E-02,6.647,,,,,,18b27,,,,,,,,,28,blue,Grant,10.865,,2017-09-20,2017-09-10,18,Apple,7000,14:22:26,0.1672249,9.972,,,,,,18b28,,,,,,,,,29,blue,Grant,4.331,,2017-09-20,2017-09-10,18,Apple,7000,14:23:54,6.41E-02,3.932,,,,,,18b29,,,,,,,,,30,blue,Milford,4.007,,2017-09-20,2017-09-10,18,haw,7000,14:25:19,0.3885047,3.821,,,,,,18b30,,,,,,,,,31,blue,Grant,9.673,,2017-09-20,2017-09-10,18,Apple,7000,14:26:49,0.0759559,8.881,,,,,,18b31,,,,,,,,,32,blue,blank,,,2017-09-20,2017-09-10,18,Apple,7000,14:28:22,9.00E-03,,,,,,,18b32,,,,,,,,,33,blue,blank,,11:45,2017-09-20,2017-09-10,18,Apple,7000,14:29:37,7.91E-03,,15:12,,,,,18b33,,,,,,,,,1,white,Grant,6.86,11:08,2017-09-20,2017-09-10,18,Apple,6262,13:33:06,1.321448,6.38,15:13,,,,,18w1,,,,,,,,,2,white,Grant,10.184,,2017-09-20,2017-09-10,18,Apple,6262,13:36:44,0.2221895,9.578,,,,,,18w2,,,,,,,,,3,white,Grant,2.874,,2017-09-20,2017-09-10,18,Apple,6262,13:38:22,6.01E-02,,,,,,d11 dead. Removed (respirometry not done),18w3,,,,,,,,,4,white,Grant,6.875,,2017-09-20,2017-09-10,18,Apple,6262,13:40:19,0.3043117,6.529,,,,,,18w4,,,,,,,,,5,white,Grant,11.154,,2017-09-20,2017-09-10,18,Apple,6262,13:42:23,0.2951904,10.406,,,,,,18w5,,,,,,,,,6,white,Grant,8.607,,2017-09-20,2017-09-10,18,Apple,6262,13:44:07,0.2045554,7.927,,,,,,18w6,,,,,,,,,7,white,Grant,9.677,,2017-09-20,2017-09-10,18,Apple,6262,13:45:38,1.129774,9.165,,,,,,18w7,,,,,,,,,8,white,Grant,6.127,,2017-09-20,2017-09-10,18,Apple,6262,13:47:24,0.1024733,5.559,,,,,,18w8,,,,,,,,,9,white,Grant,4.291,,2017-09-20,2017-09-10,18,Apple,6262,13:48:49,0.2167225,4.005,,,,,,18w9,,,,,,,,,10,white,Grant,6.929,,2017-09-20,2017-09-10,18,Apple,6262,13:50:13,0.2331051,6.587,,,,,,18w10,,,,,,,,,11,white,Grant,10.213,,2017-09-20,2017-09-10,18,Apple,6262,13:52:02,0.2314128,9.288,,,,,"d11 syringe dirty, changed after resp d11",18w11,,,,,,,,,12,white,Grant,1.634,,2017-09-20,2017-09-10,18,Apple,6262,,,,,,,,d11 dead. Removed (respirometry not done),18w12,,,,,,,,,13,white,Grant,8.559,,2017-09-20,2017-09-10,18,Apple,6262,13:54:09,0.2063469,7.885,,,,,,18w13,,,,,,,,,14,white,Grant,4.411,,2017-09-20,2017-09-10,18,Apple,6262,13:56:14,1.35514,4.092,,,,,,18w14,,,,,,,,,15,white,Grant,7.536,,2017-09-20,2017-09-10,18,Apple,6262,13:59:06,1.87E-02,6.887,,,,,,18w15,,,,,,,,,16,white,Grant,5.98,,2017-09-20,2017-09-10,18,Apple,6262,,,,,,,,appears to be dead. resp d11 not done. Removed,18w16,,,,,,,,,17,white,Grant,7.686,,2017-09-20,2017-09-10,18,Apple,6262,14:01:27,0.1688562,7.094,,,,,,18w17,,,,,,,,,18,white,Grant,9.655,,2017-09-20,2017-09-10,18,Apple,6262,14:03:14,0.2149431,8.853,,,,,,18w18,,,,,,,,,19,white,Grant,4.956,,2017-09-20,2017-09-10,18,Apple,6262,14:04:59,0.8923329,4.333,,,,,,18w19,,,,,,,,,20,white,Grant,7.097,,2017-09-20,2017-09-10,18,Apple,6262,14:06:47,1.366056,6.593,,,,,,18w20,,,,,,,,,21,white,Grant,5.522,,2017-09-20,2017-09-10,18,Apple,6262,,,,,,,,"molded, removed, resp d11 not done",18w21,,,,,,,,,22,white,Grant,4.466,,2017-09-20,2017-09-10,18,Apple,6262,14:09:15,0.1806166,4.312,,,,,,18w22,,,,,,,,,23,white,Grant,6.28,,2017-09-20,2017-09-10,18,Apple,6262,14:10:44,1.954461,4.14,,,,,,18w23,,,,,,,,,24,white,Grant,4.193,,2017-09-20,2017-09-10,18,Apple,6262,14:12:30,1.046579,3.859,,,,,,18w24,,,,,,,,,25,white,Grant,10.557,,2017-09-20,2017-09-10,18,Apple,6262,14:14:07,0.217341,9.773,,,,,,18w25,,,,,,,,,26,white,Grant,5.145,,2017-09-20,2017-09-10,18,Apple,6262,14:15:39,0.130183,4.553,,,,,,18w26,,,,,,,,,27,white,Grant,6.708,,2017-09-20,2017-09-10,18,Apple,6262,14:17:09,0.4395424,5.729,,,,,,18w27,,,,,,,,,28,white,Grant,7.117,,2017-09-20,2017-09-10,18,Apple,6262,14:18:46,0.1706153,6.745,,,,,,18w28,,,,,,,,,29,white,Grant,4.965,,2017-09-20,2017-09-10,18,Apple,6262,14:20:16,0.9533111,4.546,,,,,,18w29,,,,,,,,,30,white,Grant,6.622,,2017-09-20,2017-09-10,18,Apple,6262,14:22:26,0.168262,6.096,,,,,,18w30,,,,,,,,,31,white,Grant,6.419,,2017-09-20,2017-09-10,18,Apple,6262,14:23:54,0.1594743,5.871,,,,,,18w31,,,,,,,,,32,white,blank,,,2017-09-20,2017-09-10,18,Apple,6262,14:25:19,2.48E-02,,,,,,,18w32,,,,,,,,,33,white,blank,,,2017-09-20,2017-09-10,18,Apple,6262,14:26:49,2.84E-02,,15:21,,,,,18w33,,,,,,,,,34,white,Grant,4.758,11:25,2017-09-20,2017-09-10,18,Apple,6262,,,,,,,,"dead, resp d11 not done",18w34,,,,,,,,,1,orange,Grant,4.547,10:47,2017-09-21,2017-09-11,19,Apple,6262,9:57:17,0.2321596,4.193,13:07,,,,,19o1,,,,,,,,,2,orange,Grant,11.017,,2017-09-21,2017-09-11,19,Apple,6262,9:59:00,0.3262973,10.28,,,,,,19o2,,,,,,,,,3,orange,Grant,9.777,,2017-09-21,2017-09-11,19,Apple,6262,10:00:38,3.620359,,,,,,squished;removed ,19o3,,,,,,,,,4,orange,Grant,7.241,,2017-09-21,2017-09-11,19,Apple,6262,10:02:53,0.1505308,6.737,,,,,,19o4,,,,,,,,,5,orange,Grant,5.452,,2017-09-21,2017-09-11,19,Apple,6262,10:04:33,0.9663001,4.937,,,,,,19o5,,,,,,,,,6,orange,Grant,4.877,,2017-09-21,2017-09-11,19,Apple,6262,10:06:25,1.441281,,,,,,squished; removed ,19o6,,,,,,,,,7,orange,Grant,4.953,,2017-09-21,2017-09-11,19,Apple,6262,10:08:16,0.215395,4.604,,,,,,19o7,,,,,,,,,8,orange,Grant,6.358,,2017-09-21,2017-09-11,19,Apple,6262,10:09:54,0.1900893,5.414,,,,,,19o8,,,,,,,,,9,orange,Grant,5.888,,2017-09-21,2017-09-11,19,Apple,6262,10:11:20,0.1929558,5.504,,,,,,19o9,,,,,,,,,10,orange,Grant,8.081,,2017-09-21,2017-09-11,19,Apple,6262,10:12:57,0.5299122,3.724,,,,,,19o10,,,,,,,,,11,orange,Grant,6.636,,2017-09-21,2017-09-11,19,Apple,6262,10:17:39,0.1594321,,,,,,not in vial; lost,19o11,,,,,,,,,12,orange,Grant,6.805,,2017-09-21,2017-09-11,19,Apple,6262,10:19:19,0.1334949,6.377,,,,,,19o12,,,,,,,,,13,orange,Grant,8.006,,2017-09-21,2017-09-11,19,Apple,6262,10:20:50,0.4394091,4.145,,,,,,19o13,,,,,,,,,14,orange,Grant,9.524,,2017-09-21,2017-09-11,19,Apple,6262,10:22:31,1.611578,8.592,,,,,,19o14,,,,,,,,,15,orange,Milford,8.486,,2017-09-21,2017-09-11,19,Apple,6262,10:24:24,0.2291942,7.798,,,,,,19o15,,,,,,,,,16,orange,Grant,3.315,,2017-09-21,2017-09-11,19,haw,6262,10:26:11,0.3178816,2.255,,,,,,19o16,,,,,,,,,17,orange,Grant,6.477,,2017-09-21,2017-09-11,19,Apple,6262,10:27:40,1.187991,5.947,,,,,,19o17,,,,,,,,,18,orange,Grant,10.535,,2017-09-21,2017-09-11,19,Apple,6262,10:29:15,0.4688924,7.623,,,,,,19o18,,,,,,,,,19,orange,Grant,5.968,,2017-09-21,2017-09-11,19,Apple,6262,10:30:59,0.2281495,5.553,,,,,,19o19,,,,,,,,,20,orange,Grant,9.332,,2017-09-21,2017-09-11,19,Apple,6262,10:32:44,1.818178,8.726,,,,,,19o20,,,,,,,,,21,orange,Grant,4.768,,2017-09-21,2017-09-11,19,Apple,6262,10:34:24,0.4333797,2.295,,,,,,19o21,,,,,,,,,22,orange,Grant,6.089,,2017-09-21,2017-09-11,19,Apple,6262,10:35:57,0.4381161,2.401,,,,,,19o22,,,,,,,,,23,orange,Grant,11.937,,2017-09-21,2017-09-11,19,Apple,6262,10:37:38,0.2551621,10.698,,,,,,19o23,,,,,,,,,24,orange,Grant,8.091,,2017-09-21,2017-09-11,19,Apple,6262,10:38:59,1.316244,7.533,,,,,,19o24,,,,,,,,,25,orange,Grant,9.706,,2017-09-21,2017-09-11,19,Apple,6262,10:40:43,1.730364,9.239,,,,,,19o25,,,,,,,,,26,orange,Grant,7.202,,2017-09-21,2017-09-11,19,Apple,6262,10:42:26,0.1805878,6.614,,,,,,19o26,,,,,,,,,27,orange,Grant,6.121,,2017-09-21,2017-09-11,19,Apple,6262,10:43:58,0.2023559,5.694,,,,,,19o27,,,,,,,,,28,orange,Grant,8.021,,2017-09-21,2017-09-11,19,Apple,6262,10:45:50,1.342606,7.398,,,,,,19o28,,,,,,,,,29,orange,Grant,8.658,,2017-09-21,2017-09-11,19,Apple,6262,10:47:42,0.2144555,8.184,,,,,,19o29,,,,,,,,,30,orange,Grant,6.604,,2017-09-21,2017-09-11,19,Apple,6262,10:49:20,0.1635122,6.089,,,,,,19o30,,,,,,,,,31,orange,Grant,4.807,,2017-09-21,2017-09-11,19,Apple,6262,10:53:08,0.6637222,1.991,,,,,,19o31,,,,,,,,,32,orange,Grant,7.955,,2017-09-21,2017-09-11,19,Apple,6262,10:55:02,0.1394563,7.457,,,,,,19o32,,,,,,,,,33,orange,blank,,,2017-09-21,2017-09-11,19,Apple,6262,10:56:45,1.61E-02,,,,,,,19o33,,,,,,,,,34,orange,blank,,11:04,2017-09-21,2017-09-11,19,Apple,6262,10:57:56,1.73E-02,,13:18,,,,,19o34,,,,,,,,,1,red,Grant,5.115,11:04,2017-09-21,2017-09-11,19,Apple,7000,9:57:17,5.62E-02,4.997,12:54,,,,,19r1,,,,,,,,,2,red,Grant,7.662,,2017-09-21,2017-09-11,19,Apple,7000,9:59:00,9.99E-02,6.789,,,,,,19r2,,,,,,,,,3,red,Grant,7.998,,2017-09-21,2017-09-11,19,Apple,7000,10:00:38,1.122317,,,,,,dead and removed,19r3,,,,,,,,,4,red,Grant,4.043,,2017-09-21,2017-09-11,19,Apple,7000,10:02:53,0.3722767,,,,,,,19r4,,,,,,,,,5,red,Grant,6.205,,2017-09-21,2017-09-11,19,Apple,7000,10:04:33,0.106737,5.82,,,,,,19r5,,,,,,,,,6,red,Grant,12.283,,2017-09-21,2017-09-11,19,Apple,7000,10:06:25,0.1927551,11.466,,,,,,19r6,,,,,,,,,7,red,Grant,6.521,,2017-09-21,2017-09-11,19,Apple,7000,10:08:16,0.2750917,5.905,,,,,,19r7,,,,,,,,,8,red,Grant,9.84,,2017-09-21,2017-09-11,19,Apple,7000,10:09:54,0.1537569,9.171,,,,,,19r8,,,,,,,,,9,red,Grant,8.35,,2017-09-21,2017-09-11,19,Apple,7000,10:11:20,0.1124315,7.867,,,,,,19r9,,,,,,,,,10,red,Grant,8.551,,2017-09-21,2017-09-11,19,Apple,7000,10:12:57,0.8857433,,,,,,missing; lost,19r10,,,,,,,,,11,red,Grant,6.032,,2017-09-21,2017-09-11,19,Apple,7000,10:17:39,0.1564543,5.646,,,,,,19r11,,,,,,,,,12,red,Grant,6.193,,2017-09-21,2017-09-11,19,Apple,7000,10:19:19,0.1525812,6.08,,,,,,19r12,,,,,,,,,13,red,Grant,2.732,,2017-09-21,2017-09-11,19,Apple,7000,10:20:50,0.3630015,,,,,,dead and removed,19r13,,,,,,,,,14,red,Grant,12.737,,2017-09-21,2017-09-11,19,Apple,7000,10:22:31,0.1555723,11.804,,,,,,19r14,,,,,,,,,15,red,Grant,4.355,,2017-09-21,2017-09-11,19,Apple,7000,10:24:24,1.74853,,,,,,dead and removed,19r15,,,,,,,,,16,red,Grant,7.539,,2017-09-21,2017-09-11,19,Apple,7000,10:26:11,0.1144646,6.749,,,,,,19r16,,,,,,,,,17,red,Grant,5.837,,2017-09-21,2017-09-11,19,Apple,7000,10:27:40,9.31E-02,5.458,,,,,,19r17,,,,,,,,,18,red,Grant,5.602,,2017-09-21,2017-09-11,19,Apple,7000,10:29:15,0.2612205,4.584,,,,,,19r18,,,,,,,,,19,red,Grant,6.219,,2017-09-21,2017-09-11,19,Apple,7000,10:30:59,1.80636,2.33,,,,,,19r19,,,,,,,,,20,red,Grant,7.285,,2017-09-21,2017-09-11,19,Apple,7000,10:32:44,0.7132418,6.741,,,,,,19r20,,,,,,,,,21,red,Grant,7.592,,2017-09-21,2017-09-11,19,Apple,7000,10:34:24,0.1001047,7.016,,,,,,19r21,,,,,,,,,22,red,Grant,4.126,,2017-09-21,2017-09-11,19,Apple,7000,10:35:57,0.564571,3.774,,,,,,19r22,,,,,,,,,23,red,Grant,11.145,,2017-09-21,2017-09-11,19,Apple,7000,10:37:38,0.157279,10.439,,,,,,19r23,,,,,,,,,24,red,Grant,6.676,,2017-09-21,2017-09-11,19,Apple,7000,10:38:59,0.28744,5.896,,,,,,19r24,,,,,,,,,25,red,Grant,9.283,,2017-09-21,2017-09-11,19,Apple,7000,10:40:43,9.22E-02,8.874,,,,,,19r25,,,,,,,,,26,red,Grant,4.069,,2017-09-21,2017-09-11,19,Apple,7000,10:42:26,0.3107238,,,,,,squished; removed ,19r26,,,,,,,,,27,red,Grant,5.743,,2017-09-21,2017-09-11,19,Apple,7000,10:43:58,9.87E-02,5.358,,,,,,19r27,,,,,,,,,28,red,Grant,2.54,,2017-09-21,2017-09-11,19,Apple,7000,10:45:50,7.81E-02,2.216,,,,,,19r28,,,,,,,,,29,red,Grant,6.989,,2017-09-21,2017-09-11,19,Apple,7000,10:47:42,0.3888482,2.763,,,,,,19r29,,,,,,,,,30,red,Grant,4.154,,2017-09-21,2017-09-11,19,Apple,7000,10:49:20,0.3503578,,,,,,syrringe missing; lost ,19r30,,,,,,,,,31,red,Grant,5.942,,2017-09-21,2017-09-11,19,Apple,7000,10:53:08,0.2505715,,,,,,not in syringe; lost,19r31,,,,,,,,,32,red,Grant,6.602,,2017-09-21,2017-09-11,19,Apple,7000,10:55:02,0.112286,6.024,,,,,,19r32,,,,,,,,,33,red,blank,,,2017-09-21,2017-09-11,19,Apple,7000,10:56:45,1.16E-02,,,,,,,19r33,,,,,,,,,34,red,blank,,11:19,2017-09-21,2017-09-11,19,Apple,7000,10:57:56,1.12E-02,,13:05,,,,,19r34,,,,,,,,,1,red,Grant,2.93,13:43,2017-09-22,2017-09-12,20,Apple,7000,9:11:20,6.25E-02,1.162,14:58,,,,,20r1,,,,,,,,,2,red,Grant,6.059,,2017-09-22,2017-09-12,20,Apple,7000,9:12:44,0.7499059,3.061,,,,,,20r2,,,,,,,,,3,red,Grant,5.593,,2017-09-22,2017-09-12,20,Apple,7000,9:14:22,7.23E-02,5.145,,,,,,20r3,,,,,,,,,4,red,Grant,4.95,,2017-09-22,2017-09-12,20,Apple,7000,9:15:43,0.4807305,4.541,,,,,,20r4,,,,,,,,,5,red,Grant,5.896,,2017-09-22,2017-09-12,20,Apple,7000,9:17:23,7.29E-02,5.484,,,,,,20r5,,,,,,,,,6,red,Grant,6.445,,2017-09-22,2017-09-12,20,Apple,7000,9:18:52,0.1921307,2.064,,,,,,20r6,,,,,,,,,7,red,Grant,6.019,,2017-09-22,2017-09-12,20,Apple,7000,9:20:42,7.69E-02,5.485,,,,,,20r7,,,,,,,,,8,red,Grant,8.68,,2017-09-22,2017-09-12,20,Apple,7000,9:22:41,8.46E-02,8.11,,,,,,20r8,,,,,,,,,9,red,Grant,7.314,,2017-09-22,2017-09-12,20,Apple,7000,9:24:09,9.97E-02,6.713,,,,,,20r9,,,,,,,,,10,red,Grant,7.74,,2017-09-22,2017-09-12,20,Apple,7000,9:25:39,8.73E-02,7.12,,,,,,20r10,,,,,,,,,11,red,Grant,8.782,,2017-09-22,2017-09-12,20,Apple,7000,9:27:07,0.1315478,8.332,,,,,,20r11,,,,,,,,,12,red,Grant,6.707,,2017-09-22,2017-09-12,20,Apple,7000,9:28:51,5.18E-02,6.302,,,,,,20r12,,,,,,,,,13,red,Grant,4.754,,2017-09-22,2017-09-12,20,Apple,7000,9:30:32,4.09E-02,4.672,,,,,,20r13,,,,,,,,,14,red,Grant,8.11,,2017-09-22,2017-09-12,20,Apple,7000,9:32:06,0.1759696,6.745,,,,,,20r14,,,,,,,,,15,red,Grant,7.03,,2017-09-22,2017-09-12,20,Apple,7000,9:33:47,0.1999103,5.527,,,,,,20r15,,,,,,,,,16,red,Grant,7.898,,2017-09-22,2017-09-12,20,Apple,7000,9:35:14,7.51E-02,,,,,,dead,20r16,,,,,,,,,17,red,Grant,5.84,,2017-09-22,2017-09-12,20,Apple,7000,9:36:53,9.08E-03,5.405,,,,,,20r17,,,,,,,,,18,red,blank,,,2017-09-22,2017-09-12,20,Apple,7000,9:38:53,9.65E-03,,,,,,,20r18,,,,,,,,,19,red,blank,,13:54,2017-09-22,2017-09-12,20,Apple,7000,9:40:01,1.97E-04,,15:09,,,,,20r19,,,,,,,,,1,blue,Grant,7.792,14:54,2017-09-22,2017-09-12,20,Apple,6262,9:11:20,0.1393292,7.308,14:49,,,,,20b1,,,,,,,,,2,blue,Grant,7.879,,2017-09-22,2017-09-12,20,Apple,6262,9:12:44,1.18431,7.392,,,,,,20b2,,,,,,,,,3,blue,Grant,5.097,,2017-09-22,2017-09-12,20,Apple,6262,9:14:22,4.81E-02,4.66,,,,,killed,20b3,,,,,,,,,4,blue,Grant,9.374,,2017-09-22,2017-09-12,20,Apple,6262,9:15:43,0.2108481,8.883,,,,,,20b4,,,,,,,,,5,blue,Grant,6.692,,2017-09-22,2017-09-12,20,Apple,6262,9:17:23,0.1776059,6.107,,,,,,20b5,,,,,,,,,6,blue,Grant,8.861,,2017-09-22,2017-09-12,20,Apple,6262,9:18:52,0.1672918,8.372,,,,,,20b6,,,,,,,,,7,blue,Grant,7.904,,2017-09-22,2017-09-12,20,Apple,6262,9:20:42,2.167835,,,,,,dead,20b7,,,,,,,,,8,blue,Grant,9.502,,2017-09-22,2017-09-12,20,Apple,6262,9:22:41,0.1616183,8.816,,,,,,20b8,,,,,,,,,9,blue,Grant,6.634,,2017-09-22,2017-09-12,20,Apple,6262,9:24:09,0.1558297,6.167,,,,,,20b9,,,,,,,,,10,blue,Grant,7.07,,2017-09-22,2017-09-12,20,Apple,6262,9:25:39,0.1492172,6.485,,,,,,20b10,,,,,,,,,11,blue,Grant,6.846,,2017-09-22,2017-09-12,20,Apple,6262,9:27:07,0.158086,6.195,,,,,,20b11,,,,,,,,,12,blue,Grant,8.295,,2017-09-22,2017-09-12,20,Apple,6262,9:28:51,0.5286152,4.453,,,,,,20b12,,,,,,,,,13,blue,Grant,10.631,,2017-09-22,2017-09-12,20,Apple,6262,9:30:32,0.2694785,9.908,,,,,,20b13,,,,,,,,,14,blue,Grant,7.545,,2017-09-22,2017-09-12,20,Apple,6262,9:32:06,0.1313265,6.878,,,,,,20b14,,,,,,,,,15,blue,Grant,2.493,,2017-09-22,2017-09-12,20,Apple,6262,9:33:47,7.21E-02,2.157,,,,,,20b15,,,,,,,,,16,blue,Grant,5.628,,2017-09-22,2017-09-12,20,Apple,6262,9:35:14,0.86937,5.399,,,,,,20b16,,,,,,,,,17,blue,Grant,6.416,,2017-09-22,2017-09-12,20,Apple,6262,9:36:53,0.9976436,5.996,,,,,,20b17,,,,,,,,,18,blue,blank,,,2017-09-22,2017-09-12,20,Apple,6262,9:38:53,1.70E-02,,,,,,,20b18,,,,,,,,,19,blue,blank,,15:14,2017-09-22,2017-09-12,20,Apple,6262,9:40:01,1.96E-02,,14:57,,,,,20b19,,,,,,,,,